-2.6666768391927         71.4000015258789         0.0009536820000
-2.6300048828125         71.3945007324219         0.0009238760000
-2.5866699218750         71.3880004882812         0.0010430900000
-2.5466918945312         71.3820037841797         0.0010132900000
-2.5066630045573         71.3759994506836         0.0008940730000
-2.4633280436198         71.3694992065430         0.0010132900000
-2.4233500162760         71.3635025024414         0.0016391400000
-2.3833211263021         71.3574981689453         0.0006556550000
-2.3433430989583         71.3515014648437         0.0005066430000
-2.3000081380208         71.3450012207031         0.0007450620000
-2.2599792480469         71.3389968872070         0.0007748640000
-2.2200012207031         71.3330001831055         0.0009536820000
-2.1766662597656         71.3264999389648         0.0008344690000
-2.1366882324219         71.3205032348633         0.0013113100000
-2.0966593424479         71.3144989013672         0.0015795300000
-2.0566813151042         71.3085021972656         0.0017881500000
-2.0133463541667         71.3020019531250         0.0013709100000
-1.9733174641927         71.2959976196289         0.0011325000000
-1.9333394368490         71.2900009155273         0.0012517000000
-1.8933105468750         71.2839965820312         0.0009834840000
-1.8499755859375         71.2774963378906         0.0018179500000
-1.8099975585937         71.2714996337891         0.0011921000000
-1.7700195312500         71.2655029296875         0.0015497300000
-1.7266845703125         71.2590026855469         0.0011921000000
-1.6866556803385         71.2529983520508         0.0011325000000
-1.6466776529948         71.2470016479492         0.0010430900000
-1.6066487630208         71.2409973144531         0.0013113100000
-1.5666707356771         71.2350006103516         0.0008642710000
-1.5233357747396         71.2285003662109         -0.0001490130000
-1.4833577473958         71.2225036621094         -0.0011026900000
-1.4433288574219         71.2164993286133         -0.0002682230000
-1.4033508300781         71.2105026245117         0.0005066430000
-1.3600158691406         71.2040023803711         0.0011623000000
-1.3199869791667         71.1979980468750         0.0008940730000
-1.2766520182292         71.1914978027344         0.0012219000000
-1.2399800618490         71.1859970092773         0.0009834840000
-1.1966451009115         71.1794967651367         0.0007748640000
-1.1566670735677         71.1735000610352         0.0008940730000
-1.1133321126302         71.1669998168945         0.0015497300000
-1.0733540852865         71.1610031127930         0.0016093300000
-1.0333251953125         71.1549987792969         0.0008940730000
-0.9933471679687         71.1490020751953         0.0002086170000
-0.9533182779948         71.1429977416992         0.0000596051000
-0.9099833170573         71.1364974975586         -0.0004172340000
-0.8700052897135         71.1305007934570         0.0005662480000
-0.8266703287760         71.1240005493164         0.0005066430000
-0.7866414388021         71.1179962158203         0.0009536820000
-0.7466634114583         71.1119995117187         0.0011325000000
-0.7066853841146         71.1060028076172         0.0006258520000
-0.6633504231771         71.0995025634766         0.0005960500000
-0.6233215332031         71.0934982299805         0.0014603200000
-0.5833435058594         71.0875015258789         0.0013113100000
-0.5433146158854         71.0814971923828         0.0015795300000
-0.4999796549479         71.0749969482422         0.0013709100000
-0.4600016276042         71.0690002441406         0.0013709100000
-0.4200236002604         71.0630035400391         0.0012219000000
-0.3799947102865         71.0569992065430         0.0011325000000
-0.3400166829427         71.0510025024414         0.0014007200000
-0.2966817220052         71.0445022583008         0.0025332100000
-0.2566528320312         71.0384979248047         0.0069737700000
-0.2166748046875         71.0325012207031         0.0150502000000
-0.1766459147135         71.0264968872070         0.0188650000000
-0.1333109537760         71.0199966430664         0.0197293000000
-0.0899759928385         71.0134963989258         0.0209213000000
-0.0533548990885         71.0080032348633         0.0221730000000
-0.0133260091146         71.0019989013672         0.0225307000000
0.0300089518229         70.9954986572266         0.0241400000000
0.0699869791667         70.9895019531250         0.0244976000000
0.1100158691406         70.9834976196289         0.0249149000000
0.1533508300781         70.9769973754883         0.0237228000000
0.1933288574219         70.9710006713867         0.0228585000000
0.2333577473958         70.9649963378906         0.0217260000000
0.2733357747396         70.9589996337891         0.0205935000000
0.3166707356771         70.9524993896484         0.0208915000000
0.3566487630208         70.9465026855469         0.0218750000000
0.3966776529948         70.9404983520508         0.0218452000000
0.4366556803385         70.9345016479492         0.0210108000000
0.4799906412760         70.9280014038086         0.0210108000000
0.5200195312500         70.9219970703125         0.0204743000000
0.5599975585937         70.9160003662109         0.0198485000000
0.5999755859375         70.9100036621094         0.0204743000000
0.6400044759115         70.9039993286133         0.0217558000000
0.6833394368490         70.8974990844727         0.0219048000000
0.7233174641927         70.8915023803711         0.0207425000000
0.7633463541667         70.8854980468750         0.0205935000000
0.8066813151042         70.8789978027344         0.0202061000000
0.8466593424479         70.8730010986328         0.0217856000000
0.8866882324219         70.8669967651367         0.0219346000000
0.9266662597656         70.8610000610352         0.0210704000000
0.9700012207031         70.8544998168945         0.0199081000000
1.0099792480469         70.8485031127930         0.0192822000000
1.0533142089844         70.8420028686523         0.0199975000000
1.0899861653646         70.8365020751953         0.0203253000000
1.1333211263021         70.8300018310547         0.0207127000000
1.1733500162760         70.8239974975586         0.0199379000000
1.2133280436198         70.8180007934570         0.0201763000000
1.2533569335937         70.8119964599609         0.0201763000000
1.2966918945312         70.8054962158203         0.0202061000000
1.3366699218750         70.7994995117187         0.0210406000000
1.3766479492187         70.7935028076172         0.0214280000000
1.4199829101562         70.7870025634766         0.0210108000000
1.4600118001302         70.7809982299805         0.0201465000000
1.4999898274740         70.7750015258789         0.0202359000000
1.5433247884115         70.7685012817383         0.0210406000000
1.5799967447917         70.7630004882812         0.0215472000000
1.6233317057292         70.7565002441406         0.0209213000000
1.6633097330729         70.7505035400391         0.0203253000000
1.7033386230469         70.7444992065430         0.0198187000000
1.7466735839844         70.7379989624023         0.0188054000000
1.7866516113281         70.7320022583008         0.0186862000000
1.8299865722656         70.7255020141602         0.0198783000000
1.8700154622396         70.7194976806641         0.0203849000000
1.9099934895833         70.7135009765625         0.0196995000000
1.9500223795573         70.7074966430664         0.0193120000000
1.9900004069010         70.7014999389648         0.0187756000000
2.0299784342448         70.6955032348633         0.0188948000000
2.0733133951823         70.6890029907227         0.0191630000000
2.1133422851562         70.6829986572266         0.0201763000000
2.1533203125000         70.6770019531250         0.0196696000000
2.1966552734375         70.6705017089844         0.0191928000000
2.2366841634115         70.6644973754883         0.0187458000000
2.2766621907552         70.6585006713867         0.0192524000000
2.3166910807292         70.6524963378906         0.0195802000000
2.3566691080729         70.6464996337891         0.0197591000000
2.4000040690104         70.6399993896484         0.0197591000000
2.4399820963542         70.6340026855469         0.0187756000000
2.4800109863281         70.6279983520508         0.0187756000000
2.5233459472656         70.6214981079102         0.0193716000000
2.5633239746094         70.6155014038086         0.0197591000000
2.6033528645833         70.6094970703125         0.0199975000000
2.6466878255208         70.6029968261719         0.0199379000000
2.6866658528646         70.5970001220703         0.0201465000000
2.7266438802083         70.5910034179687         0.0186862000000
2.7666727701823         70.5849990844727         0.0179411000000
2.8066507975260         70.5790023803711         0.0189842000000
2.8499857584635         70.5725021362305         0.0200869000000
2.8900146484375         70.5664978027344         0.0196696000000
2.9299926757812         70.5605010986328         0.0184478000000
2.9700215657552         70.5544967651367         0.0185372000000
3.0133565266927         70.5479965209961         0.0185968000000
3.0533345540365         70.5419998168945         0.0197293000000
3.0933125813802         70.5360031127930         0.0203849000000
3.1333414713542         70.5299987792969         0.0196100000000
3.1766764322917         70.5234985351562         0.0188054000000
3.2166544596354         70.5175018310547         0.0187160000000
3.2566833496094         70.5114974975586         0.0186564000000
3.2966613769531         70.5055007934570         0.0189842000000
3.3399963378906         70.4990005493164         0.0204743000000
3.3800252278646         70.4929962158203         0.0202061000000
3.4200032552083         70.4869995117187         0.0184478000000
3.4633382161458         70.4804992675781         0.0173451000000
3.5033162434896         70.4745025634766         0.0183881000000
3.5433451334635         70.4684982299805         0.0188650000000
3.5833231608073         70.4625015258789         0.0187458000000
3.6266581217448         70.4560012817383         0.0179113000000
3.6666870117187         70.4499969482422         0.0189842000000
3.7066650390625         70.4440002441406         0.0180603000000
3.7466430664062         70.4380035400391         0.0176431000000
3.7899780273437         70.4315032958984         0.0187458000000
3.8300069173177         70.4254989624023         0.0197293000000
3.8699849446615         70.4195022583008         0.0191630000000
3.9100138346354         70.4134979248047         0.0186862000000
3.9533487955729         70.4069976806641         0.0184478000000
3.9933268229167         70.4010009765625         0.0175239000000
4.0333557128906         70.3949966430664         0.0180305000000
4.0733337402344         70.3889999389648         0.0186862000000
4.1166687011719         70.3824996948242         0.0182093000000
4.1566467285156         70.3765029907227         0.0178219000000
4.1966756184896         70.3704986572266         0.0181199000000
4.2400105794271         70.3639984130859         0.0180007000000
4.2799886067708         70.3580017089844         0.0183285000000
4.3200174967448         70.3519973754883         0.0181795000000
4.3633524576823         70.3454971313477         0.0181199000000
4.4033304850260         70.3395004272461         0.0176729000000
4.4433085123698         70.3335037231445         0.0174941000000
4.4833374023437         70.3274993896484         0.0180603000000
4.5233154296875         70.3215026855469         0.0183583000000
4.5666503906250         70.3150024414062         0.0186862000000
4.6066792805990         70.3089981079102         0.0193716000000
4.6466573079427         70.3030014038086         0.0194312000000
4.6866861979167         70.2969970703125         0.0187756000000
4.7300211588542         70.2904968261719         0.0180603000000
4.7699991861979         70.2845001220703         0.0180901000000
4.8099772135417         70.2785034179687         0.0185074000000
4.8500061035156         70.2724990844727         0.0176729000000
4.8933410644531         70.2659988403320         0.0177027000000
4.9333190917969         70.2600021362305         0.0173749000000
4.9766540527344         70.2535018920898         0.0167788000000
5.0166829427083         70.2474975585937         0.0173749000000
5.0566609700521         70.2415008544922         0.0183583000000
5.0966898600260         70.2354965209961         0.0190140000000
5.1366678873698         70.2294998168945         0.0179411000000
5.1800028483073         70.2229995727539         0.0179113000000
5.2199808756510         70.2170028686523         0.0175239000000
5.2600097656250         70.2109985351562         0.0175537000000
5.2999877929687         70.2050018310547         0.0177623000000
5.3433227539062         70.1985015869141         0.0182391000000
5.3833516438802         70.1924972534180         0.0182987000000
5.4233296712240         70.1865005493164         0.0177325000000
5.4633585611979         70.1804962158203         0.0172855000000
5.5033365885417         70.1744995117187         0.0177921000000
5.5466715494792         70.1679992675781         0.0181497000000
5.5866495768229         70.1620025634766         0.0179709000000
5.6299845377604         70.1555023193359         0.0182987000000
5.6666564941406         70.1500015258789         0.0177921000000
5.7099914550781         70.1435012817383         0.0173153000000
5.7500203450521         70.1374969482422         0.0180007000000
5.7933553059896         70.1309967041016         0.0182093000000
5.8333333333333         70.1250000000000         0.0185074000000
5.8733113606771         70.1190032958984         0.0186862000000
5.9133402506510         70.1129989624023         0.0175835000000
5.9566752115885         70.1064987182617         0.0173749000000
5.9966532389323         70.1005020141602         0.0171365000000
6.0366821289062         70.0944976806641         0.0174941000000
6.0800170898437         70.0879974365234         0.0180901000000
6.1166890462240         70.0824966430664         0.0170470000000
6.1600240071615         70.0759963989258         0.0173749000000
6.2000020345052         70.0699996948242         0.0174047000000
6.2399800618490         70.0640029907227         0.0177325000000
6.2800089518229         70.0579986572266         0.0174643000000
6.3233439127604         70.0514984130859         0.0172855000000
6.3633219401042         70.0455017089844         0.0161232000000
6.4033508300781         70.0394973754883         0.0163914000000
6.4466857910156         70.0329971313477         0.0164212000000
6.4866638183594         70.0270004272461         0.0170172000000
6.5266418457031         70.0210037231445         0.0176431000000
6.5666707356771         70.0149993896484         0.0176729000000
6.6100056966146         70.0084991455078         0.0172259000000
6.6499837239583         70.0025024414062         0.0174941000000
6.6933186848958         69.9960021972656         0.0170768000000
6.7333475748698         69.9899978637695         0.0169278000000
6.7733256022135         69.9840011596680         0.0171066000000
6.8133544921875         69.9779968261719         0.0167192000000
6.8533325195312         69.9720001220703         0.0163914000000
6.8966674804687         69.9654998779297         0.0167788000000
6.9366455078125         69.9595031738281         0.0166596000000
6.9766743977865         69.9534988403320         0.0173451000000
7.0200093587240         69.9469985961914         0.0173451000000
7.0566813151042         69.9414978027344         0.0164212000000
7.1000162760417         69.9349975585937         0.0174941000000
7.1399943033854         69.9290008544922         0.0177325000000
7.1800231933594         69.9229965209961         0.0173749000000
7.2233581542969         69.9164962768555         0.0171961000000
7.2633361816406         69.9104995727539         0.0176431000000
7.3033142089844         69.9045028686523         0.0173749000000
7.3433430989583         69.8984985351562         0.0175835000000
7.3866780598958         69.8919982910156         0.0173153000000
7.4266560872396         69.8860015869141         0.0175835000000
7.4666849772135         69.8799972534180         0.0172557000000
7.5100199381510         69.8734970092773         0.0174941000000
7.5499979654948         69.8675003051758         0.0174047000000
7.5899759928385         69.8615036010742         0.0168384000000
7.6300048828125         69.8554992675781         0.0168384000000
7.6733398437500         69.8489990234375         0.0157655000000
7.7133178710937         69.8430023193359         0.0155271000000
7.7533467610677         69.8369979858398         0.0155569000000
7.7966817220052         69.8304977416992         0.0168384000000
7.8333536783854         69.8249969482422         0.0172557000000
7.8766886393229         69.8184967041016         0.0172557000000
7.9166666666667         69.8125000000000         0.0168086000000
7.9566446940104         69.8065032958984         0.0170470000000
7.9999796549479         69.8000030517578         0.0165404000000
8.0400085449219         69.7939987182617         0.0156463000000
8.0799865722656         69.7880020141602         0.0155271000000
8.1200154622396         69.7819976806641         0.0158550000000
8.1633504231771         69.7754974365234         0.0162722000000
8.2033284505208         69.7695007324219         0.0160040000000
8.2433573404948         69.7634963989258         0.0160040000000
8.2833353678385         69.7574996948242         0.0168682000000
8.3266703287760         69.7509994506836         0.0168086000000
8.3666483561198         69.7450027465820         0.0154973000000
8.4066772460937         69.7389984130859         0.0146628000000
8.4466552734375         69.7330017089844         0.0152887000000
8.4899902343750         69.7265014648437         0.0160636000000
8.5300191243490         69.7204971313477         0.0156761000000
8.5699971516927         69.7145004272461         0.0161530000000
8.6133321126302         69.7080001831055         0.0170470000000
8.6533101399740         69.7020034790039         0.0165106000000
8.6933390299479         69.6959991455078         0.0170470000000
8.7333170572917         69.6900024414062         0.0182093000000
8.7766520182292         69.6835021972656         0.0178219000000
8.8166809082031         69.6774978637695         0.0165404000000
8.8566589355469         69.6715011596680         0.0153185000000
8.8966878255208         69.6654968261719         0.0162126000000
8.9400227864583         69.6589965820312         0.0160338000000
8.9800008138021         69.6529998779297         0.0167490000000
9.0199788411458         69.6470031738281         0.0157655000000
9.0600077311198         69.6409988403320         0.0156761000000
9.1033426920573         69.6344985961914         0.0150204000000
9.1433207194010         69.6285018920898         0.0150800000000
9.1833496093750         69.6224975585937         0.0160934000000
9.2233276367187         69.6165008544922         0.0163318000000
9.2666625976562         69.6100006103516         0.0161530000000
9.3066914876302         69.6039962768555         0.0165702000000
9.3499755859375         69.5975036621094         0.0168086000000
9.3900044759115         69.5914993286133         0.0163616000000
9.4299825032552         69.5855026245117         0.0159444000000
9.4700113932292         69.5794982910156         0.0160040000000
9.5133463541667         69.5729980468750         0.0160934000000
9.5533243815104         69.5670013427734         0.0162424000000
9.5933532714844         69.5609970092773         0.0164212000000
9.6333312988281         69.5550003051758         0.0166298000000
9.6766662597656         69.5485000610352         0.0168086000000
9.7166442871094         69.5425033569336         0.0170470000000
9.7566731770833         69.5364990234375         0.0161232000000
9.7966512044271         69.5305023193359         0.0161232000000
9.8399861653646         69.5240020751953         0.0163616000000
9.8800150553385         69.5179977416992         0.0160636000000
9.9199930826823         69.5120010375977         0.0169278000000
9.9633280436198         69.5055007934570         0.0173451000000
10.0033569335937         69.4994964599609         0.0170470000000
10.0433349609375         69.4934997558594         0.0169278000000
10.0833129882812         69.4875030517578         0.0167788000000
10.1233418782552         69.4814987182617         0.0161232000000
10.1666768391927         69.4749984741211         0.0163914000000
10.2066548665365         69.4690017700195         0.0162722000000
10.2466837565104         69.4629974365234         0.0161530000000
10.2866617838542         69.4570007324219         0.0161530000000
10.3299967447917         69.4505004882812         0.0158848000000
10.3699747721354         69.4445037841797         0.0149608000000
10.4100036621094         69.4384994506836         0.0159146000000
10.4499816894531         69.4325027465820         0.0159146000000
10.4900105794271         69.4264984130859         0.0158848000000
10.5333455403646         69.4199981689453         0.0164808000000
10.5733235677083         69.4140014648437         0.0166894000000
10.6166585286458         69.4075012207031         0.0157953000000
10.6566874186198         69.4014968872070         0.0160338000000
10.6966654459635         69.3955001831055         0.0161232000000
10.7400004069010         69.3889999389648         0.0154079000000
10.7799784342448         69.3830032348633         0.0143052000000
10.8200073242187         69.3769989013672         0.0151396000000
10.8599853515625         69.3710021972656         0.0160338000000
10.9000142415365         69.3649978637695         0.0163318000000
10.9399922688802         69.3590011596680         0.0162424000000
10.9833272298177         69.3525009155273         0.0158251000000
11.0233561197917         69.3464965820312         0.0146032000000
11.0633341471354         69.3404998779297         0.0139475000000
11.1033121744792         69.3345031738281         0.0138581000000
11.1466471354167         69.3280029296875         0.0145436000000
11.1866760253906         69.3219985961914         0.0155271000000
11.2266540527344         69.3160018920898         0.0154377000000
11.2666829427083         69.3099975585937         0.0150800000000
11.3100179036458         69.3034973144531         0.0145138000000
11.3499959309896         69.2975006103516         0.0141860000000
11.3900248209635         69.2914962768555         0.0147820000000
11.4333089192708         69.2850036621094         0.0152887000000
11.4733378092448         69.2789993286133         0.0162126000000
11.5133158365885         69.2730026245117         0.0158550000000
11.5533447265625         69.2669982910156         0.0157655000000
11.5966796875000         69.2604980468750         0.0160934000000
11.6366577148437         69.2545013427734         0.0164808000000
11.6799926757812         69.2480010986328         0.0158550000000
11.7200215657552         69.2419967651367         0.0157953000000
11.7599995930990         69.2360000610352         0.0159444000000
11.7999776204427         69.2300033569336         0.0167490000000
11.8400065104167         69.2239990234375         0.0164808000000
11.8833414713542         69.2174987792969         0.0162424000000
11.9233194986979         69.2115020751953         0.0169874000000
11.9633483886719         69.2054977416992         0.0168980000000
12.0033264160156         69.1995010375977         0.0161232000000
12.0433553059896         69.1934967041016         0.0167788000000
12.0866902669271         69.1869964599609         0.0162722000000
12.1266682942708         69.1809997558594         0.0157357000000
12.1666463216146         69.1750030517578         0.0162424000000
12.2099812825521         69.1685028076172         0.0159742000000
12.2500101725260         69.1624984741211         0.0165702000000
12.2899881998698         69.1565017700195         0.0169278000000
12.3300170898437         69.1504974365234         0.0173749000000
12.3733520507812         69.1439971923828         0.0171365000000
12.4133300781250         69.1380004882812         0.0163914000000
12.4533081054687         69.1320037841797         0.0163914000000
12.4966430664062         69.1255035400391         0.0158251000000
12.5366719563802         69.1194992065430         0.0160636000000
12.5766499837240         69.1135025024414         0.0165702000000
12.6166788736979         69.1074981689453         0.0157953000000
12.6600138346354         69.1009979248047         0.0157357000000
12.6999918619792         69.0950012207031         0.0159146000000
12.7400207519531         69.0889968872070         0.0155271000000
12.7799987792969         69.0830001831055         0.0155867000000
12.8233337402344         69.0764999389648         0.0155569000000
12.8633117675781         69.0705032348633         0.0155867000000
12.9033406575521         69.0644989013672         0.0162722000000
12.9433186848958         69.0585021972656         0.0168384000000
12.9866536458333         69.0520019531250         0.0175537000000
13.0266825358073         69.0459976196289         0.0161530000000
13.0666605631510         69.0400009155273         0.0162722000000
13.1066894531250         69.0339965820312         0.0168384000000
13.1433105468750         69.0285034179687         0.0172259000000
13.1900024414062         69.0214996337891         0.0171961000000
13.2266743977865         69.0159988403320         0.0176133000000
13.2700093587240         69.0094985961914         0.0173153000000
13.3099873860677         69.0035018920898         0.0173749000000
13.3533223470052         68.9970016479492         0.0171066000000
13.3933512369792         68.9909973144531         0.0166894000000
13.4333292643229         68.9850006103516         0.0175537000000
13.4766642252604         68.9785003662109         0.0176133000000
13.5166422526042         68.9725036621094         0.0180603000000
13.5566711425781         68.9664993286133         0.0178219000000
13.6000061035156         68.9599990844727         0.0171961000000
13.6366780598958         68.9544982910156         0.0171365000000
13.6833190917969         68.9475021362305         0.0158550000000
13.7199910481771         68.9420013427734         0.0161828000000
13.7600199381510         68.9359970092773         0.0160040000000
13.7999979654948         68.9300003051758         0.0169874000000
13.8433329264323         68.9235000610352         0.0167490000000
13.8833109537760         68.9175033569336         0.0168086000000
13.9233398437500         68.9114990234375         0.0172557000000
13.9666748046875         68.9049987792969         0.0173153000000
14.0100097656250         68.8984985351562         0.0171663000000
14.0466817220052         68.8929977416992         0.0163914000000
14.0900166829427         68.8864974975586         0.0169278000000
14.1299947102865         68.8805007934570         0.0173451000000
14.1700236002604         68.8744964599609         0.0167788000000
14.2100016276042         68.8684997558594         0.0173451000000
14.2533365885417         68.8619995117187         0.0175835000000
14.2933146158854         68.8560028076172         0.0171365000000
14.3333435058594         68.8499984741211         0.0169874000000
14.3733215332031         68.8440017700195         0.0175239000000
14.4166564941406         68.8375015258789         0.0172855000000
14.4566853841146         68.8314971923828         0.0168384000000
14.4966634114583         68.8255004882812         0.0170470000000
14.5399983723958         68.8190002441406         0.0164212000000
14.5799763997396         68.8130035400391         0.0158848000000
14.6233113606771         68.8065032958984         0.0154079000000
14.6599833170573         68.8010025024414         0.0158251000000
14.7033182779948         68.7945022583008         0.0159742000000
14.7433471679687         68.7884979248047         0.0164808000000
14.7833251953125         68.7825012207031         0.0165404000000
14.8233540852865         68.7764968872070         0.0171961000000
14.8666890462240         68.7699966430664         0.0173451000000
14.9066670735677         68.7639999389648         0.0174941000000
14.9466451009115         68.7580032348633         0.0173451000000
14.9899800618490         68.7515029907227         0.0173153000000
15.0300089518229         68.7454986572266         0.0169874000000
15.0699869791667         68.7395019531250         0.0173749000000
15.1100158691406         68.7334976196289         0.0176133000000
15.1533508300781         68.7269973754883         0.0175239000000
15.1933288574219         68.7210006713867         0.0171961000000
15.2333577473958         68.7149963378906         0.0173749000000
15.2733357747396         68.7089996337891         0.0177921000000
15.3166707356771         68.7024993896484         0.0169576000000
15.3566487630208         68.6965026855469         0.0172259000000
15.3966776529948         68.6904983520508         0.0164808000000
15.4400126139323         68.6839981079102         0.0167490000000
15.4799906412760         68.6780014038086         0.0174941000000
15.5200195312500         68.6719970703125         0.0166894000000
15.5599975585937         68.6660003662109         0.0163020000000
15.5999755859375         68.6600036621094         0.0166298000000
15.6433105468750         68.6535034179687         0.0168384000000
15.6833394368490         68.6474990844727         0.0167490000000
15.7233174641927         68.6415023803711         0.0162126000000
15.7666524251302         68.6350021362305         0.0162722000000
15.8066813151042         68.6289978027344         0.0173451000000
15.8466593424479         68.6230010986328         0.0165404000000
15.8866882324219         68.6169967651367         0.0164212000000
15.9300231933594         68.6104965209961         0.0166000000000
15.9700012207031         68.6044998168945         0.0164808000000
16.0099792480469         68.5985031127930         0.0166298000000
16.0500081380208         68.5924987792969         0.0169576000000
16.0899861653646         68.5865020751953         0.0171365000000
16.1333211263021         68.5800018310547         0.0167788000000
16.1699930826823         68.5745010375977         0.0166894000000
16.2133280436198         68.5680007934570         0.0171066000000
16.2533569335937         68.5619964599609         0.0170172000000
16.2966918945312         68.5554962158203         0.0169278000000
16.3366699218750         68.5494995117187         0.0160934000000
16.3766479492187         68.5435028076172         0.0165106000000
16.4166768391927         68.5374984741211         0.0161828000000
16.4566548665365         68.5315017700195         0.0166000000000
16.4999898274740         68.5250015258789         0.0171365000000
16.5433247884115         68.5185012817383         0.0173451000000
16.5833536783854         68.5124969482422         0.0170768000000
16.6233317057292         68.5065002441406         0.0169874000000
16.6633097330729         68.5005035400391         0.0169874000000
16.7033386230469         68.4944992065430         0.0170172000000
16.7466735839844         68.4879989624023         0.0173749000000
16.7866516113281         68.4820022583008         0.0171066000000
16.8266805013021         68.4759979248047         0.0162126000000
16.8666585286458         68.4700012207031         0.0173749000000
16.9066874186198         68.4639968872070         0.0170768000000
16.9500223795573         68.4574966430664         0.0164808000000
16.9900004069010         68.4514999389648         0.0168086000000
17.0299784342448         68.4455032348633         0.0175835000000
17.0733133951823         68.4390029907227         0.0174643000000
17.1133422851562         68.4329986572266         0.0164510000000
17.1566772460937         68.4264984130859         0.0169874000000
17.1933492024740         68.4209976196289         0.0175239000000
17.2366841634115         68.4144973754883         0.0177325000000
17.2733561197917         68.4089965820312         0.0168980000000
17.3166910807292         68.4024963378906         0.0167490000000
17.3599751790365         68.3960037231445         0.0167788000000
17.4033101399740         68.3895034790039         0.0162424000000
17.4399820963542         68.3840026855469         0.0162722000000
17.4800109863281         68.3779983520508         0.0172557000000
17.5233459472656         68.3714981079102         0.0174047000000
17.5633239746094         68.3655014038086         0.0168086000000
17.6066589355469         68.3590011596680         0.0167490000000
17.6499938964844         68.3525009155273         0.0164510000000
17.6866658528646         68.3470001220703         0.0165106000000
17.7266438802083         68.3410034179687         0.0162722000000
17.7699788411458         68.3345031738281         0.0158251000000
17.8133138020833         68.3280029296875         0.0155867000000
17.8466796875000         68.3229980468750         0.0164212000000
17.8900146484375         68.3164978027344         0.0166298000000
17.9299926757812         68.3105010986328         0.0164808000000
17.9700215657552         68.3044967651367         0.0170470000000
18.0133565266927         68.2979965209961         0.0172259000000
18.0533345540365         68.2919998168945         0.0161530000000
18.0933125813802         68.2860031127930         0.0166596000000
18.1333414713542         68.2799987792969         0.0174345000000
18.1766764322917         68.2734985351562         0.0174643000000
18.2200113932292         68.2669982910156         0.0168682000000
18.2566833496094         68.2614974975586         0.0171663000000
18.3000183105469         68.2549972534180         0.0173749000000
18.3399963378906         68.2490005493164         0.0173451000000
18.3800252278646         68.2429962158203         0.0175537000000
18.4233093261719         68.2365036010742         0.0177027000000
18.4633382161458         68.2304992675781         0.0178815000000
18.5033162434896         68.2245025634766         0.0178815000000
18.5433451334635         68.2184982299805         0.0176133000000
18.5833231608073         68.2125015258789         0.0173749000000
18.6233520507812         68.2064971923828         0.0169874000000
18.6666870117187         68.1999969482422         0.0169278000000
18.7066650390625         68.1940002441406         0.0167490000000
18.7500000000000         68.1875000000000         0.0167788000000
18.7899780273437         68.1815032958984         0.0166596000000
18.8333129882812         68.1750030517578         0.0171961000000
18.8699849446615         68.1695022583008         0.0176133000000
18.9133199055990         68.1630020141602         0.0166298000000
18.9533487955729         68.1569976806641         0.0168384000000
18.9933268229167         68.1510009765625         0.0171663000000
19.0333557128906         68.1449966430664         0.0179411000000
19.0766906738281         68.1384963989258         0.0180305000000
19.1166687011719         68.1324996948242         0.0170470000000
19.1566467285156         68.1265029907227         0.0162424000000
19.1966756184896         68.1204986572266         0.0154377000000
19.2400105794271         68.1139984130859         0.0162424000000
19.2799886067708         68.1080017089844         0.0164212000000
19.3200174967448         68.1019973754883         0.0167788000000
19.3633524576823         68.0954971313477         0.0173153000000
19.4033304850260         68.0895004272461         0.0178219000000
19.4433085123698         68.0835037231445         0.0180305000000
19.4866434733073         68.0770034790039         0.0176133000000
19.5233154296875         68.0715026855469         0.0168980000000
19.5666503906250         68.0650024414062         0.0174643000000
19.6066792805990         68.0589981079102         0.0176729000000
19.6500142415365         68.0524978637695         0.0171365000000
19.6899922688802         68.0465011596680         0.0166298000000
19.7300211588542         68.0404968261719         0.0163020000000
19.7699991861979         68.0345001220703         0.0175239000000
19.8133341471354         68.0279998779297         0.0178219000000
19.8533121744792         68.0220031738281         0.0175835000000
19.8933410644531         68.0159988403320         0.0168086000000
19.9333190917969         68.0100021362305         0.0165702000000
19.9733479817708         68.0039978027344         0.0165702000000
20.0033569335937         67.9994964599609         0.0168086000000
