-2.6666768391927         71.4000015258789         0.0006556550000
-2.6266479492187         71.3939971923828         0.0005066430000
-2.5866699218750         71.3880004882812         0.0001192100000
-2.5466918945312         71.3820037841797         -0.0001192100000
-2.5066630045573         71.3759994506836         0.0004470370000
-2.4633280436198         71.3694992065430         0.0003576300000
-2.4233500162760         71.3635025024414         -0.0002086170000
-2.3833211263021         71.3574981689453         0.0003874320000
-2.3433430989583         71.3515014648437         0.0006556550000
-2.3000081380208         71.3450012207031         0.0010132900000
-2.2599792480469         71.3389968872070         0.0008046660000
-2.2200012207031         71.3330001831055         -0.0000596051000
-2.1800231933594         71.3270034790039         -0.0004172340000
-2.1366882324219         71.3205032348633         0.0003576300000
-2.0966593424479         71.3144989013672         0.0006556550000
-2.0566813151042         71.3085021972656         0.0001192100000
-2.0133463541667         71.3020019531250         0.0001788150000
-1.9733174641927         71.2959976196289         0.0002384200000
-1.9333394368490         71.2900009155273         0.0007450620000
-1.8933105468750         71.2839965820312         0.0015795300000
-1.8499755859375         71.2774963378906         0.0002384200000
-1.8099975585937         71.2714996337891         0.0002086170000
-1.7700195312500         71.2655029296875         0.0003874320000
-1.7299906412760         71.2594985961914         -0.0003576300000
-1.6866556803385         71.2529983520508         -0.0002980250000
-1.6466776529948         71.2470016479492         -0.0005364450000
-1.6066487630208         71.2409973144531         0.0000596051000
-1.5666707356771         71.2350006103516         0.0002384200000
-1.5233357747396         71.2285003662109         -0.0002384200000
-1.4833577473958         71.2225036621094         -0.0005960500000
-1.4400227864583         71.2160034179687         0.0002980250000
-1.4033508300781         71.2105026245117         0.0018179500000
-1.3600158691406         71.2040023803711         0.0012815100000
-1.3199869791667         71.1979980468750         0.0005960500000
-1.2800089518229         71.1920013427734         -0.0005066430000
-1.2366739908854         71.1855010986328         0.0002384200000
-1.1966451009115         71.1794967651367         0.0012219000000
-1.1566670735677         71.1735000610352         0.0004768410000
-1.1166890462240         71.1675033569336         0.0002980250000
-1.0766601562500         71.1614990234375         0.0000596051000
-1.0333251953125         71.1549987792969         0.0003576300000
-0.9933471679687         71.1490020751953         -0.0002086170000
-0.9533182779948         71.1429977416992         -0.0002384200000
-0.9099833170573         71.1364974975586         -0.0009536820000
-0.8700052897135         71.1305007934570         -0.0002682230000
-0.8299763997396         71.1244964599609         0.0000894074000
-0.7866414388021         71.1179962158203         0.0000596051000
-0.7466634114583         71.1119995117187         0.0007450620000
-0.7066853841146         71.1060028076172         0.0009238760000
-0.6633504231771         71.0995025634766         0.0006258520000
-0.6233215332031         71.0934982299805         0.0009536820000
-0.5833435058594         71.0875015258789         0.0002384200000
-0.5433146158854         71.0814971923828         -0.0002682230000
-0.4999796549479         71.0749969482422         0.0002086170000
-0.4600016276042         71.0690002441406         0.0010430900000
-0.4200236002604         71.0630035400391         0.0014603200000
-0.3799947102865         71.0569992065430         0.0004172340000
-0.3400166829427         71.0510025024414         0.0002384200000
-0.2966817220052         71.0445022583008         0.0004470370000
-0.2566528320312         71.0384979248047         0.0044107700000
-0.2166748046875         71.0325012207031         0.0042319600000
-0.1766459147135         71.0264968872070         -0.0164212000000
-0.1333109537760         71.0199966430664         -0.0546577000000
-0.0933329264323         71.0139999389648         -0.0997488000000
-0.0533548990885         71.0080032348633         -0.1364360000000
-0.0133260091146         71.0019989013672         -0.1612020000000
0.0300089518229         70.9954986572266         -0.1686220000000
0.0699869791667         70.9895019531250         -0.1615590000000
0.1100158691406         70.9834976196289         -0.1455850000000
0.1499938964844         70.9775009155273         -0.1312210000000
0.1900227864583         70.9714965820312         -0.1228760000000
0.2333577473958         70.9649963378906         -0.1169150000000
0.2733357747396         70.9589996337891         -0.1090170000000
0.3166707356771         70.9524993896484         -0.0998979000000
0.3566487630208         70.9465026855469         -0.0953381000000
0.3966776529948         70.9404983520508         -0.0956957000000
0.4366556803385         70.9345016479492         -0.0928347000000
0.4766845703125         70.9284973144531         -0.0863378000000
0.5200195312500         70.9219970703125         -0.0784104000000
0.5599975585937         70.9160003662109         -0.0697379000000
0.5999755859375         70.9100036621094         -0.0636880000000
0.6400044759115         70.9039993286133         -0.0625853000000
0.6833394368490         70.8974990844727         -0.0650887000000
0.7233174641927         70.8915023803711         -0.0652377000000
0.7633463541667         70.8854980468750         -0.0635986000000
0.8066813151042         70.8789978027344         -0.0602903000000
0.8466593424479         70.8730010986328         -0.0565352000000
0.8866882324219         70.8669967651367         -0.0534358000000
0.9266662597656         70.8610000610352         -0.0543299000000
0.9700012207031         70.8544998168945         -0.0592771000000
1.0099792480469         70.8485031127930         -0.0606480000000
1.0500081380208         70.8424987792969         -0.0575187000000
1.0933430989583         70.8359985351562         -0.0538828000000
1.1333211263021         70.8300018310547         -0.0493231000000
1.1733500162760         70.8239974975586         -0.0468495000000
1.2133280436198         70.8180007934570         -0.0486674000000
1.2533569335937         70.8119964599609         -0.0490251000000
1.2966918945312         70.8054962158203         -0.0478330000000
1.3366699218750         70.7994995117187         -0.0460150000000
1.3766479492187         70.7935028076172         -0.0425878000000
1.4199829101562         70.7870025634766         -0.0399055000000
1.4600118001302         70.7809982299805         -0.0397565000000
1.4999898274740         70.7750015258789         -0.0400844000000
1.5400187174479         70.7689971923828         -0.0406506000000
1.5799967447917         70.7630004882812         -0.0414255000000
1.6233317057292         70.7565002441406         -0.0428858000000
1.6633097330729         70.7505035400391         -0.0444057000000
1.7033386230469         70.7444992065430         -0.0449719000000
1.7466735839844         70.7379989624023         -0.0444653000000
1.7866516113281         70.7320022583008         -0.0438096000000
1.8266805013021         70.7259979248047         -0.0439289000000
1.8666585286458         70.7200012207031         -0.0432136000000
1.9099934895833         70.7135009765625         -0.0422003000000
1.9500223795573         70.7074966430664         -0.0408592000000
1.9900004069010         70.7014999389648         -0.0384154000000
2.0333353678385         70.6949996948242         -0.0357332000000
2.0733133951823         70.6890029907227         -0.0345709000000
2.1133422851562         70.6829986572266         -0.0354054000000
2.1533203125000         70.6770019531250         -0.0364187000000
2.1933492024740         70.6709976196289         -0.0351670000000
2.2366841634115         70.6644973754883         -0.0336173000000
2.2766621907552         70.6585006713867         -0.0334086000000
2.3166910807292         70.6524963378906         -0.0329616000000
2.3599751790365         70.6460037231445         -0.0356438000000
2.4000040690104         70.6399993896484         -0.0382366000000
2.4399820963542         70.6340026855469         -0.0397565000000
2.4800109863281         70.6279983520508         -0.0393095000000
2.5199890136719         70.6220016479492         -0.0370743000000
2.5633239746094         70.6155014038086         -0.0360610000000
2.6033528645833         70.6094970703125         -0.0363591000000
2.6466878255208         70.6029968261719         -0.0362697000000
2.6866658528646         70.5970001220703         -0.0360908000000
2.7266438802083         70.5910034179687         -0.0356438000000
2.7666727701823         70.5849990844727         -0.0318887000000
2.8066507975260         70.5790023803711         -0.0289084000000
2.8499857584635         70.5725021362305         -0.0294150000000
2.8900146484375         70.5664978027344         -0.0291766000000
2.9299926757812         70.5605010986328         -0.0296832000000
2.9700215657552         70.5544967651367         -0.0303091000000
3.0133565266927         70.5479965209961         -0.0297726000000
3.0533345540365         70.5419998168945         -0.0303985000000
3.0933125813802         70.5360031127930         -0.0313225000000
3.1366475423177         70.5295028686523         -0.0314119000000
3.1766764322917         70.5234985351562         -0.0322761000000
3.2166544596354         70.5175018310547         -0.0330212000000
3.2566833496094         70.5114974975586         -0.0330510000000
3.2966613769531         70.5055007934570         -0.0329616000000
3.3399963378906         70.4990005493164         -0.0316503000000
3.3800252278646         70.4929962158203         -0.0308456000000
3.4200032552083         70.4869995117187         -0.0287296000000
3.4633382161458         70.4804992675781         -0.0281037000000
3.5033162434896         70.4745025634766         -0.0280441000000
3.5433451334635         70.4684982299805         -0.0268818000000
3.5833231608073         70.4625015258789         -0.0276567000000
3.6266581217448         70.4560012817383         -0.0264348000000
3.6666870117187         70.4499969482422         -0.0253321000000
3.7066650390625         70.4440002441406         -0.0249149000000
3.7500000000000         70.4375000000000         -0.0260473000000
3.7899780273437         70.4315032958984         -0.0265838000000
3.8300069173177         70.4254989624023         -0.0280739000000
3.8733418782552         70.4189987182617         -0.0286401000000
3.9133199055990         70.4130020141602         -0.0293554000000
3.9533487955729         70.4069976806641         -0.0296832000000
3.9933268229167         70.4010009765625         -0.0292660000000
4.0333557128906         70.3949966430664         -0.0293852000000
4.0766906738281         70.3884963989258         -0.0287892000000
4.1166687011719         70.3824996948242         -0.0291170000000
4.1566467285156         70.3765029907227         -0.0281931000000
4.1966756184896         70.3704986572266         -0.0258685000000
4.2400105794271         70.3639984130859         -0.0246764000000
4.2799886067708         70.3580017089844         -0.0238420000000
4.3200174967448         70.3519973754883         -0.0245572000000
4.3633524576823         70.3454971313477         -0.0252427000000
4.4033304850260         70.3395004272461         -0.0242294000000
4.4433085123698         70.3335037231445         -0.0216664000000
4.4833374023437         70.3274993896484         -0.0220836000000
4.5266723632812         70.3209991455078         -0.0230671000000
4.5666503906250         70.3150024414062         -0.0248851000000
4.6066792805990         70.3089981079102         -0.0265838000000
4.6466573079427         70.3030014038086         -0.0266732000000
4.6866861979167         70.2969970703125         -0.0260175000000
4.7300211588542         70.2904968261719         -0.0257493000000
4.7699991861979         70.2845001220703         -0.0258089000000
4.8133341471354         70.2779998779297         -0.0257195000000
4.8500061035156         70.2724990844727         -0.0250937000000
4.8933410644531         70.2659988403320         -0.0251831000000
4.9333190917969         70.2600021362305         -0.0238420000000
4.9733479817708         70.2539978027344         -0.0227989000000
5.0166829427083         70.2474975585937         -0.0225605000000
5.0566609700521         70.2415008544922         -0.0210108000000
5.0966898600260         70.2354965209961         -0.0210704000000
5.1366678873698         70.2294998168945         -0.0222923000000
5.1800028483073         70.2229995727539         -0.0228287000000
5.2199808756510         70.2170028686523         -0.0234843000000
5.2600097656250         70.2109985351562         -0.0224413000000
5.2999877929687         70.2050018310547         -0.0223519000000
5.3400166829427         70.1989974975586         -0.0229777000000
5.3833516438802         70.1924972534180         -0.0228585000000
5.4233296712240         70.1865005493164         -0.0222923000000
5.4633585611979         70.1804962158203         -0.0235738000000
5.5066426595052         70.1740036010742         -0.0231565000000
5.5466715494792         70.1679992675781         -0.0235738000000
5.5866495768229         70.1620025634766         -0.0233353000000
5.6266784667969         70.1559982299805         -0.0226201000000
5.6700134277344         70.1494979858398         -0.0218750000000
5.7099914550781         70.1435012817383         -0.0205339000000
5.7500203450521         70.1374969482422         -0.0191332000000
5.7899983723958         70.1315002441406         -0.0187756000000
5.8333333333333         70.1250000000000         -0.0198783000000
5.8733113606771         70.1190032958984         -0.0203849000000
5.9133402506510         70.1129989624023         -0.0194908000000
5.9566752115885         70.1064987182617         -0.0192226000000
5.9966532389323         70.1005020141602         -0.0201763000000
6.0366821289062         70.0944976806641         -0.0222028000000
6.0766601562500         70.0885009765625         -0.0230671000000
6.1166890462240         70.0824966430664         -0.0224711000000
6.1600240071615         70.0759963989258         -0.0218452000000
6.2000020345052         70.0699996948242         -0.0214578000000
6.2399800618490         70.0640029907227         -0.0211598000000
6.2833150227865         70.0575027465820         -0.0215770000000
6.3233439127604         70.0514984130859         -0.0211598000000
6.3633219401042         70.0455017089844         -0.0201167000000
6.4066569010417         70.0390014648437         -0.0187458000000
6.4466857910156         70.0329971313477         -0.0192226000000
6.4866638183594         70.0270004272461         -0.0191630000000
6.5266418457031         70.0210037231445         -0.0178219000000
6.5699768066406         70.0145034790039         -0.0178219000000
6.6100056966146         70.0084991455078         -0.0178219000000
6.6499837239583         70.0025024414062         -0.0175537000000
6.6933186848958         69.9960021972656         -0.0185074000000
6.7333475748698         69.9899978637695         -0.0186266000000
6.7733256022135         69.9840011596680         -0.0194908000000
6.8133544921875         69.9779968261719         -0.0190736000000
6.8533325195312         69.9720001220703         -0.0203551000000
6.8966674804687         69.9654998779297         -0.0216664000000
6.9366455078125         69.9595031738281         -0.0201763000000
6.9766743977865         69.9534988403320         -0.0202359000000
7.0200093587240         69.9469985961914         -0.0192226000000
7.0599873860677         69.9410018920898         -0.0190736000000
7.1000162760417         69.9349975585937         -0.0201763000000
7.1399943033854         69.9290008544922         -0.0197889000000
7.1800231933594         69.9229965209961         -0.0174643000000
7.2233581542969         69.9164962768555         -0.0174047000000
7.2633361816406         69.9104995727539         -0.0177921000000
7.3066711425781         69.9039993286133         -0.0171365000000
7.3466491699219         69.8980026245117         -0.0179411000000
7.3866780598958         69.8919982910156         -0.0175239000000
7.4266560872396         69.8860015869141         -0.0180901000000
7.4666849772135         69.8799972534180         -0.0179709000000
7.5100199381510         69.8734970092773         -0.0186564000000
7.5499979654948         69.8675003051758         -0.0199081000000
7.5899759928385         69.8615036010742         -0.0203253000000
7.6300048828125         69.8554992675781         -0.0200869000000
7.6733398437500         69.8489990234375         -0.0199677000000
7.7133178710937         69.8430023193359         -0.0196398000000
7.7533467610677         69.8369979858398         -0.0191928000000
7.7966817220052         69.8304977416992         -0.0202359000000
7.8333536783854         69.8249969482422         -0.0191928000000
7.8766886393229         69.8184967041016         -0.0171961000000
7.9200236002604         69.8119964599609         -0.0160338000000
7.9566446940104         69.8065032958984         -0.0161232000000
7.9999796549479         69.8000030517578         -0.0167490000000
8.0400085449219         69.7939987182617         -0.0183285000000
8.0799865722656         69.7880020141602         -0.0174047000000
8.1233215332031         69.7815017700195         -0.0165106000000
8.1599934895833         69.7760009765625         -0.0167192000000
8.2033284505208         69.7695007324219         -0.0165702000000
8.2433573404948         69.7634963989258         -0.0170172000000
8.2833353678385         69.7574996948242         -0.0169278000000
8.3266703287760         69.7509994506836         -0.0174047000000
8.3666483561198         69.7450027465820         -0.0174941000000
8.4099833170573         69.7385025024414         -0.0183583000000
8.4500122070312         69.7324981689453         -0.0192822000000
8.4899902343750         69.7265014648437         -0.0208319000000
8.5300191243490         69.7204971313477         -0.0199379000000
8.5699971516927         69.7145004272461         -0.0198187000000
8.6133321126302         69.7080001831055         -0.0192524000000
8.6533101399740         69.7020034790039         -0.0168980000000
8.6933390299479         69.6959991455078         -0.0160934000000
8.7366739908854         69.6894989013672         -0.0153781000000
8.7733459472656         69.6839981079102         -0.0161232000000
8.8166809082031         69.6774978637695         -0.0161828000000
8.8566589355469         69.6715011596680         -0.0160636000000
8.8966878255208         69.6654968261719         -0.0157357000000
8.9400227864583         69.6589965820312         -0.0165404000000
8.9800008138021         69.6529998779297         -0.0174345000000
9.0199788411458         69.6470031738281         -0.0177325000000
9.0600077311198         69.6409988403320         -0.0177325000000
9.1033426920573         69.6344985961914         -0.0176729000000
9.1433207194010         69.6285018920898         -0.0182093000000
9.1833496093750         69.6224975585937         -0.0187756000000
9.2233276367187         69.6165008544922         -0.0172855000000
9.2666625976562         69.6100006103516         -0.0159444000000
9.3066914876302         69.6039962768555         -0.0157357000000
9.3499755859375         69.5975036621094         -0.0152290000000
9.3866475423177         69.5920028686523         -0.0143946000000
9.4299825032552         69.5855026245117         -0.0148118000000
9.4700113932292         69.5794982910156         -0.0166596000000
9.5099894205729         69.5735015869141         -0.0163020000000
9.5500183105469         69.5674972534180         -0.0151992000000
9.5933532714844         69.5609970092773         -0.0148416000000
9.6333312988281         69.5550003051758         -0.0133217000000
9.6733093261719         69.5490036010742         -0.0145436000000
9.7166442871094         69.5425033569336         -0.0144542000000
9.7566731770833         69.5364990234375         -0.0137687000000
9.7966512044271         69.5305023193359         -0.0158251000000
9.8399861653646         69.5240020751953         -0.0157655000000
9.8800150553385         69.5179977416992         -0.0150204000000
9.9199930826823         69.5120010375977         -0.0152887000000
9.9633280436198         69.5055007934570         -0.0162126000000
10.0033569335937         69.4994964599609         -0.0172557000000
10.0433349609375         69.4934997558594         -0.0166298000000
10.0833129882812         69.4875030517578         -0.0173153000000
10.1233418782552         69.4814987182617         -0.0177325000000
10.1666768391927         69.4749984741211         -0.0164808000000
10.2066548665365         69.4690017700195         -0.0159742000000
10.2466837565104         69.4629974365234         -0.0150800000000
10.2900187174479         69.4564971923828         -0.0146032000000
10.3299967447917         69.4505004882812         -0.0143350000000
10.3699747721354         69.4445037841797         -0.0143052000000
10.4100036621094         69.4384994506836         -0.0143648000000
10.4499816894531         69.4325027465820         -0.0148714000000
10.4933166503906         69.4260025024414         -0.0158550000000
10.5333455403646         69.4199981689453         -0.0160040000000
10.5700174967448         69.4144973754883         -0.0158848000000
10.6133524576823         69.4079971313477         -0.0149608000000
10.6533304850260         69.4020004272461         -0.0150800000000
10.6966654459635         69.3955001831055         -0.0160338000000
10.7366434733073         69.3895034790039         -0.0150204000000
10.7766723632812         69.3834991455078         -0.0145734000000
10.8200073242187         69.3769989013672         -0.0137985000000
10.8599853515625         69.3710021972656         -0.0137985000000
10.9000142415365         69.3649978637695         -0.0143052000000
10.9433492024740         69.3584976196289         -0.0130237000000
10.9833272298177         69.3525009155273         -0.0118614000000
11.0233561197917         69.3464965820312         -0.0127853000000
11.0633341471354         69.3404998779297         -0.0118912000000
11.1033121744792         69.3345031738281         -0.0117720000000
11.1466471354167         69.3280029296875         -0.0126660000000
11.1866760253906         69.3219985961914         -0.0143350000000
11.2266540527344         69.3160018920898         -0.0141860000000
11.2666829427083         69.3099975585937         -0.0145436000000
11.3066609700521         69.3040008544922         -0.0161530000000
11.3499959309896         69.2975006103516         -0.0172557000000
11.3900248209635         69.2914962768555         -0.0163616000000
11.4333089192708         69.2850036621094         -0.0150502000000
11.4733378092448         69.2789993286133         -0.0141264000000
11.5133158365885         69.2730026245117         -0.0138879000000
11.5566507975260         69.2665023803711         -0.0138879000000
11.5966796875000         69.2604980468750         -0.0144542000000
11.6366577148437         69.2545013427734         -0.0150502000000
11.6766866048177         69.2484970092773         -0.0139177000000
11.7166646321615         69.2425003051758         -0.0136495000000
11.7599995930990         69.2360000610352         -0.0135601000000
11.7999776204427         69.2300033569336         -0.0140071000000
11.8400065104167         69.2239990234375         -0.0137687000000
11.8799845377604         69.2180023193359         -0.0132919000000
11.9233194986979         69.2115020751953         -0.0138283000000
11.9633483886719         69.2054977416992         -0.0139475000000
12.0033264160156         69.1995010375977         -0.0133217000000
12.0466613769531         69.1930007934570         -0.0142456000000
12.0866902669271         69.1869964599609         -0.0149906000000
12.1266682942708         69.1809997558594         -0.0160338000000
12.1700032552083         69.1744995117187         -0.0150502000000
12.2099812825521         69.1685028076172         -0.0152290000000
12.2500101725260         69.1624984741211         -0.0154079000000
12.2899881998698         69.1565017700195         -0.0150204000000
12.3333231608073         69.1500015258789         -0.0146628000000
12.3733520507812         69.1439971923828         -0.0142456000000
12.4133300781250         69.1380004882812         -0.0145436000000
12.4533081054687         69.1320037841797         -0.0148118000000
12.4966430664062         69.1255035400391         -0.0136495000000
12.5366719563802         69.1194992065430         -0.0125170000000
12.5766499837240         69.1135025024414         -0.0126958000000
12.6166788736979         69.1074981689453         -0.0135899000000
12.6600138346354         69.1009979248047         -0.0134111000000
12.6999918619792         69.0950012207031         -0.0139177000000
12.7400207519531         69.0889968872070         -0.0139177000000
12.7799987792969         69.0830001831055         -0.0146628000000
12.8199768066406         69.0770034790039         -0.0154377000000
12.8633117675781         69.0705032348633         -0.0160934000000
12.8999837239583         69.0650024414062         -0.0162126000000
12.9466756184896         69.0579986572266         -0.0167192000000
12.9833475748698         69.0524978637695         -0.0155569000000
13.0266825358073         69.0459976196289         -0.0143648000000
13.0666605631510         69.0400009155273         -0.0141860000000
13.1099955240885         69.0335006713867         -0.0144542000000
13.1500244140625         69.0274963378906         -0.0145436000000
13.1900024414062         69.0214996337891         -0.0141860000000
13.2299804687500         69.0155029296875         -0.0141264000000
13.2700093587240         69.0094985961914         -0.0135601000000
13.3099873860677         69.0035018920898         -0.0131727000000
13.3533223470052         68.9970016479492         -0.0124276000000
13.3933512369792         68.9909973144531         -0.0124872000000
13.4333292643229         68.9850006103516         -0.0139177000000
13.4766642252604         68.9785003662109         -0.0146330000000
13.5166422526042         68.9725036621094         -0.0144244000000
13.5566711425781         68.9664993286133         -0.0153781000000
13.5966491699219         68.9605026245117         -0.0154675000000
13.6366780598958         68.9544982910156         -0.0154377000000
13.6800130208333         68.9479980468750         -0.0150204000000
13.7199910481771         68.9420013427734         -0.0154377000000
13.7600199381510         68.9359970092773         -0.0158550000000
13.7999979654948         68.9300003051758         -0.0151694000000
13.8433329264323         68.9235000610352         -0.0144542000000
13.8833109537760         68.9175033569336         -0.0137389000000
13.9233398437500         68.9114990234375         -0.0131727000000
13.9666748046875         68.9049987792969         -0.0137091000000
14.0066528320312         68.8990020751953         -0.0130833000000
14.0466817220052         68.8929977416992         -0.0132323000000
14.0866597493490         68.8870010375977         -0.0136793000000
14.1299947102865         68.8805007934570         -0.0140966000000
14.1700236002604         68.8744964599609         -0.0141860000000
14.2100016276042         68.8684997558594         -0.0137687000000
14.2533365885417         68.8619995117187         -0.0144244000000
14.2933146158854         68.8560028076172         -0.0155271000000
14.3333435058594         68.8499984741211         -0.0154377000000
14.3733215332031         68.8440017700195         -0.0154675000000
14.4166564941406         68.8375015258789         -0.0159444000000
14.4566853841146         68.8314971923828         -0.0161530000000
14.4966634114583         68.8255004882812         -0.0158251000000
14.5399983723958         68.8190002441406         -0.0155867000000
14.5799763997396         68.8130035400391         -0.0154079000000
14.6200052897135         68.8069992065430         -0.0150502000000
14.6599833170573         68.8010025024414         -0.0143946000000
14.7000122070312         68.7949981689453         -0.0142456000000
14.7399902343750         68.7890014648437         -0.0126958000000
14.7833251953125         68.7825012207031         -0.0125766000000
14.8233540852865         68.7764968872070         -0.0129343000000
14.8633321126302         68.7705001831055         -0.0133515000000
14.9066670735677         68.7639999389648         -0.0137389000000
14.9466451009115         68.7580032348633         -0.0139177000000
14.9899800618490         68.7515029907227         -0.0151694000000
15.0266520182292         68.7460021972656         -0.0158550000000
15.0699869791667         68.7395019531250         -0.0162722000000
15.1100158691406         68.7334976196289         -0.0166596000000
15.1499938964844         68.7275009155273         -0.0163318000000
15.1933288574219         68.7210006713867         -0.0170768000000
15.2333577473958         68.7149963378906         -0.0166298000000
15.2733357747396         68.7089996337891         -0.0157655000000
15.3133138020833         68.7030029296875         -0.0151992000000
15.3533426920573         68.6969985961914         -0.0151992000000
15.3966776529948         68.6904983520508         -0.0160934000000
15.4366556803385         68.6845016479492         -0.0161232000000
15.4799906412760         68.6780014038086         -0.0151992000000
15.5200195312500         68.6719970703125         -0.0135899000000
15.5599975585937         68.6660003662109         -0.0142456000000
15.5999755859375         68.6600036621094         -0.0149310000000
15.6433105468750         68.6535034179687         -0.0151098000000
15.6833394368490         68.6474990844727         -0.0149608000000
15.7233174641927         68.6415023803711         -0.0145436000000
15.7633463541667         68.6354980468750         -0.0155867000000
15.8033243815104         68.6295013427734         -0.0164212000000
15.8433532714844         68.6234970092773         -0.0164808000000
15.8866882324219         68.6169967651367         -0.0159742000000
15.9266662597656         68.6110000610352         -0.0163020000000
15.9666442871094         68.6050033569336         -0.0168384000000
16.0099792480469         68.5985031127930         -0.0168086000000
16.0500081380208         68.5924987792969         -0.0161530000000
16.0899861653646         68.5865020751953         -0.0148118000000
16.1300150553385         68.5804977416992         -0.0141860000000
16.1733500162760         68.5739974975586         -0.0139177000000
16.2166849772135         68.5674972534180         -0.0139177000000
16.2566630045573         68.5615005493164         -0.0143946000000
16.2866719563802         68.5569992065430         -0.0134707000000
16.3366699218750         68.5494995117187         -0.0134409000000
16.3766479492187         68.5435028076172         -0.0136495000000
16.4166768391927         68.5374984741211         -0.0146330000000
16.4566548665365         68.5315017700195         -0.0149608000000
16.4999898274740         68.5250015258789         -0.0150204000000
16.5400187174479         68.5189971923828         -0.0152290000000
16.5799967447917         68.5130004882812         -0.0146330000000
16.6233317057292         68.5065002441406         -0.0157655000000
16.6633097330729         68.5005035400391         -0.0157357000000
16.7033386230469         68.4944992065430         -0.0153185000000
16.7466735839844         68.4879989624023         -0.0143350000000
16.7866516113281         68.4820022583008         -0.0147522000000
16.8266805013021         68.4759979248047         -0.0159742000000
16.8666585286458         68.4700012207031         -0.0154079000000
16.9066874186198         68.4639968872070         -0.0147224000000
16.9500223795573         68.4574966430664         -0.0140668000000
16.9900004069010         68.4514999389648         -0.0138283000000
17.0333353678385         68.4449996948242         -0.0146330000000
17.0700073242187         68.4394989013672         -0.0143052000000
17.1133422851562         68.4329986572266         -0.0144244000000
17.1533203125000         68.4270019531250         -0.0140071000000
17.1933492024740         68.4209976196289         -0.0142754000000
17.2366841634115         68.4144973754883         -0.0140966000000
17.2766621907552         68.4085006713867         -0.0147820000000
17.3166910807292         68.4024963378906         -0.0155271000000
17.3599751790365         68.3960037231445         -0.0155271000000
17.4000040690104         68.3899993896484         -0.0154377000000
17.4399820963542         68.3840026855469         -0.0151992000000
17.4800109863281         68.3779983520508         -0.0151694000000
17.5233459472656         68.3714981079102         -0.0156761000000
17.5600179036458         68.3659973144531         -0.0156165000000
17.5999959309896         68.3600006103516         -0.0157655000000
17.6433308919271         68.3535003662109         -0.0142754000000
17.6833089192708         68.3475036621094         -0.0130237000000
17.7266438802083         68.3410034179687         -0.0132323000000
17.7666727701823         68.3349990844727         -0.0136197000000
17.8066507975260         68.3290023803711         -0.0152589000000
17.8466796875000         68.3229980468750         -0.0145734000000
17.8900146484375         68.3164978027344         -0.0150800000000
17.9299926757812         68.3105010986328         -0.0142456000000
17.9700215657552         68.3044967651367         -0.0146330000000
18.0099995930990         68.2985000610352         -0.0158251000000
18.0533345540365         68.2919998168945         -0.0155271000000
18.0933125813802         68.2860031127930         -0.0154377000000
18.1366475423177         68.2795028686523         -0.0154973000000
18.1766764322917         68.2734985351562         -0.0157655000000
18.2166544596354         68.2675018310547         -0.0153185000000
18.2566833496094         68.2614974975586         -0.0162722000000
18.2966613769531         68.2555007934570         -0.0163020000000
18.3399963378906         68.2490005493164         -0.0158251000000
18.3800252278646         68.2429962158203         -0.0149906000000
18.4200032552083         68.2369995117187         -0.0143052000000
18.4633382161458         68.2304992675781         -0.0128747000000
18.5000101725260         68.2249984741211         -0.0137389000000
18.5433451334635         68.2184982299805         -0.0137687000000
18.5833231608073         68.2125015258789         -0.0140071000000
18.6233520507812         68.2064971923828         -0.0142754000000
18.6666870117187         68.1999969482422         -0.0153781000000
18.7033081054687         68.1945037841797         -0.0153483000000
18.7466430664062         68.1880035400391         -0.0153483000000
18.7866719563802         68.1819992065430         -0.0157953000000
18.8300069173177         68.1754989624023         -0.0157953000000
18.8699849446615         68.1695022583008         -0.0163616000000
18.9100138346354         68.1634979248047         -0.0151098000000
18.9499918619792         68.1575012207031         -0.0156165000000
18.9933268229167         68.1510009765625         -0.0153185000000
19.0333557128906         68.1449966430664         -0.0157655000000
19.0733337402344         68.1389999389648         -0.0165404000000
19.1133117675781         68.1330032348633         -0.0156165000000
19.1566467285156         68.1265029907227         -0.0156761000000
19.1966756184896         68.1204986572266         -0.0144244000000
19.2366536458333         68.1145019531250         -0.0138283000000
19.2799886067708         68.1080017089844         -0.0134111000000
19.3200174967448         68.1019973754883         -0.0133813000000
19.3599955240885         68.0960006713867         -0.0139475000000
19.4000244140625         68.0899963378906         -0.0134707000000
19.4433085123698         68.0835037231445         -0.0141860000000
19.4833374023437         68.0774993896484         -0.0148118000000
19.5233154296875         68.0715026855469         -0.0147522000000
19.5633443196615         68.0654983520508         -0.0156463000000
19.6066792805990         68.0589981079102         -0.0157953000000
19.6466573079427         68.0530014038086         -0.0157357000000
19.6866861979167         68.0469970703125         -0.0146926000000
19.7266642252604         68.0410003662109         -0.0151098000000
19.7699991861979         68.0345001220703         -0.0161232000000
19.8099772135417         68.0285034179687         -0.0149608000000
19.8500061035156         68.0224990844727         -0.0139177000000
19.8933410644531         68.0159988403320         -0.0146330000000
19.9333190917969         68.0100021362305         -0.0146032000000
19.9733479817708         68.0039978027344         -0.0141562000000
20.0033569335937         67.9994964599609         -0.0136495000000
