-2.666676839192700044e+00 7.140000152587890625e+01 -1.192100000000000055e-04
-2.626647949218699818e+00 7.139399719238279829e+01 -1.390783666666666732e-04
-2.586669921875000000e+00 7.138800048828119316e+01 -5.960466666666666192e-05
-2.546691894531199818e+00 7.138200378417970171e+01 0.000000000000000000e+00
-2.506663004557299956e+00 7.137599945068359375e+01 2.880906666666666559e-04
-2.463328043619799956e+00 7.136949920654299717e+01 2.284856666666666735e-04
-2.423350016276000218e+00 7.136350250244140625e+01 2.781563333333333184e-04
-2.383321126302099913e+00 7.135749816894529829e+01 1.788146666666666539e-04
-2.343343098958300175e+00 7.135150146484369316e+01 1.688811666666666447e-04
-2.300008138020800175e+00 7.134500122070309658e+01 1.192098333333333317e-04
-2.259979248046899869e+00 7.133899688720700283e+01 2.582883333333333385e-04
-2.220001220703100131e+00 7.133300018310549717e+01 1.887486666666666980e-04
-2.180023193359399869e+00 7.132700347900390625e+01 -1.986836666666666766e-04
-2.136688232421899869e+00 7.132050323486329546e+01 -4.967066666666666521e-05
-2.096659342447900087e+00 7.131449890136720171e+01 -2.980250000000000138e-05
-2.053324381510400087e+00 7.130799865722660513e+01 -1.688808666666666508e-04
-2.016652425130200044e+00 7.130249786376950283e+01 -1.986836666666666766e-05
-1.973317464192700044e+00 7.129599761962890625e+01 -2.980250000000000138e-05
-1.933339436849000004e+00 7.129000091552730112e+01 -5.960496666666666258e-05
-1.890004475911500004e+00 7.128350067138670454e+01 1.092759999999999885e-04
-1.849975585937500000e+00 7.127749633789059658e+01 1.986836666666666766e-05
-1.809997558593700040e+00 7.127149963378910513e+01 -2.086172999999999923e-04
-1.770019531250000000e+00 7.126550292968750000e+01 -1.291443333333333295e-04
-1.726684570312500000e+00 7.125900268554690342e+01 -3.973666666666666851e-05
-1.690012613932299956e+00 7.125350189208980112e+01 5.960516666666666979e-05
-1.646677652994799956e+00 7.124700164794920454e+01 7.947333333333332346e-05
-1.606648763020799953e+00 7.124099731445309658e+01 9.933999999999998401e-06
-1.566670735677099913e+00 7.123500061035160513e+01 1.986853333333333808e-05
-1.523335774739599913e+00 7.122850036621089487e+01 3.278268000000000306e-04
-1.483357747395799953e+00 7.122250366210940342e+01 1.092758000000000016e-04
-1.443328857421900091e+00 7.121649932861329546e+01 -1.788146666666666539e-04
-1.403350830078099909e+00 7.121050262451170454e+01 -1.589468333333333343e-04
-1.360015869140599909e+00 7.120400238037109375e+01 -1.490123333333333365e-04
-1.319986979166700047e+00 7.119799804687500000e+01 -2.880910000000000307e-04
-1.280008951822900087e+00 7.119200134277339487e+01 -1.390781666666666592e-04
-1.239980061849000004e+00 7.118599700927730112e+01 -4.271683333333333344e-04
-1.196645100911500004e+00 7.117949676513670454e+01 -3.675636666666666995e-04
-1.156667073567700044e+00 7.117350006103519888e+01 -9.934170000000000467e-05
-1.113332112630200044e+00 7.116699981689450283e+01 -6.953899999999999947e-05
-1.076660156250000000e+00 7.116149902343750000e+01 1.986833333333333087e-05
-1.033325195312500000e+00 7.115499877929690342e+01 -5.960499999999998921e-05
-9.933471679687000400e-01 7.114900207519529829e+01 -2.483536666666666805e-04
-9.533182779947999563e-01 7.114299774169920454e+01 3.973666666666666851e-05
-9.099833170572999563e-01 7.113649749755859375e+01 2.980263333333333501e-05
-8.700052897134999963e-01 7.113050079345700283e+01 1.390783333333333466e-04
-8.299763997396000237e-01 7.112449645996089487e+01 -1.589466666666666740e-04
-7.866414388021000237e-01 7.111799621582029829e+01 -6.953899999999999947e-05
-7.466634114582999526e-01 7.111199951171869316e+01 2.980253333333333479e-05
-7.066853841146000237e-01 7.110600280761720171e+01 -2.185516666666666565e-04
-6.666564941406000200e-01 7.109999847412109375e+01 -1.688806666666666640e-04
-6.233215332031000200e-01 7.109349822998049717e+01 9.933999999999998401e-06
-5.833435058593999800e-01 7.108750152587890625e+01 -1.291440333333333356e-04
-5.433146158853999763e-01 7.108149719238279829e+01 -2.980233333333333435e-05
-4.999796549478999763e-01 7.107499694824220171e+01 1.986836666666666766e-05
-4.633585611978999763e-01 7.106950378417970171e+01 2.384203333333333316e-04
-4.200236002603999763e-01 7.106300354003910513e+01 2.582876666666666433e-04
-3.799947102865000037e-01 7.105699920654299717e+01 1.589483333333333579e-04
-3.366597493490000037e-01 7.105049896240230112e+01 1.986899999999999561e-05
-2.966817220051999882e-01 7.104450225830079546e+01 2.880906666666666559e-04
-2.566528320311999845e-01 7.103849792480470171e+01 2.970316666666666938e-03
-2.133178710937000122e-01 7.103199768066410513e+01 5.841293333333333164e-03
-1.766459147134999963e-01 7.102649688720700283e+01 2.414003333333333227e-03
-1.366678873698000118e-01 7.102050018310549717e+01 -8.136100000000000276e-03
-8.997599283849999630e-02 7.101349639892579546e+01 -2.116969999999999963e-02
-5.335489908850000323e-02 7.100800323486329546e+01 -3.160053333333333325e-02
-1.332600911459999940e-02 7.100199890136720171e+01 -3.901149999999999757e-02
2.665201822919999880e-02 7.099600219726559658e+01 -4.360110000000000374e-02
6.998697916670000574e-02 7.098950195312500000e+01 -4.558793333333333031e-02
1.100158691406000061e-01 7.098349761962890625e+01 -4.724693333333333106e-02
1.533508300780999922e-01 7.097699737548829546e+01 -4.897546666666666854e-02
1.933288574219000078e-01 7.097100067138670454e+01 -4.976023333333332715e-02
2.333577473958000081e-01 7.096499633789059658e+01 -5.074373333333333930e-02
2.733357747396000237e-01 7.095899963378910513e+01 -5.206496666666666356e-02
3.166707356771000237e-01 7.095249938964839487e+01 -5.131993333333333823e-02
3.566487630208000081e-01 7.094650268554690342e+01 -5.028676666666666989e-02
3.966776529948000118e-01 7.094049835205079546e+01 -5.001853333333333707e-02
4.400126139323000118e-01 7.093399810791019888e+01 -5.136956666666666477e-02
4.766845703125000000e-01 7.092849731445309658e+01 -5.295903333333332880e-02
5.200195312500000000e-01 7.092199707031250000e+01 -5.229346666666667004e-02
5.599975585937000400e-01 7.091600036621089487e+01 -5.048546666666666599e-02
5.999755859375000000e-01 7.091000366210940342e+01 -4.828999999999999959e-02
6.400044759115000037e-01 7.090399932861329546e+01 -4.763436666666667069e-02
6.833394368490000037e-01 7.089749908447269888e+01 -4.861783333333333235e-02
7.233174641927000437e-01 7.089150238037109375e+01 -4.937279999999999447e-02
7.633463541667000474e-01 7.088549804687500000e+01 -4.853836666666666577e-02
8.066813151042000474e-01 7.087899780273440342e+01 -4.768403333333334077e-02
8.466593424478999763e-01 7.087300109863279829e+01 -4.800190000000000706e-02
8.899943033853999763e-01 7.086650085449220171e+01 -4.795226666666666665e-02
9.266662597656000200e-01 7.086100006103519888e+01 -4.840923333333333606e-02
9.700012207031000200e-01 7.085449981689450283e+01 -4.949206666666666754e-02
1.009979248046900091e+00 7.084850311279299717e+01 -5.025696666666665952e-02
1.050008138020799953e+00 7.084249877929690342e+01 -5.055496666666666611e-02
1.089986165364599913e+00 7.083650207519529829e+01 -4.935296666666666443e-02
1.133321126302099913e+00 7.083000183105470171e+01 -4.871716666666666556e-02
1.173350016275999996e+00 7.082399749755859375e+01 -4.776349999999999346e-02
1.216684977213499996e+00 7.081749725341799717e+01 -4.832973333333333982e-02
1.253356933593700040e+00 7.081199645996089487e+01 -4.870723333333332877e-02
1.296691894531200040e+00 7.080549621582029829e+01 -4.940263333333333451e-02
1.336669921875000000e+00 7.079949951171869316e+01 -4.999866666666667042e-02
1.376647949218700040e+00 7.079350280761720171e+01 -4.982980000000000048e-02
1.419982910156200040e+00 7.078700256347660513e+01 -5.036623333333333646e-02
1.460011800130200044e+00 7.078099822998049717e+01 -5.149873333333333109e-02
1.503346761067700044e+00 7.077449798583980112e+01 -5.125039999999999457e-02
1.543324788411500004e+00 7.076850128173829546e+01 -5.109143333333333176e-02
1.583353678385400087e+00 7.076249694824220171e+01 -5.132986666666666808e-02
1.623331705729200047e+00 7.075650024414059658e+01 -5.148880000000000123e-02
1.663309733072900087e+00 7.075050354003910513e+01 -5.118083333333333512e-02
1.703338623046900091e+00 7.074449920654299717e+01 -5.082319999999999199e-02
1.743316650390599909e+00 7.073850250244140625e+01 -5.035629999999999967e-02
1.786651611328099909e+00 7.073200225830079546e+01 -5.009799999999999670e-02
1.829986572265599909e+00 7.072550201416019888e+01 -4.954173333333333762e-02
1.866658528645799953e+00 7.072000122070309658e+01 -5.003840000000000371e-02
1.909993489583299953e+00 7.071350097656250000e+01 -5.066426666666665884e-02
1.950022379557299956e+00 7.070749664306640625e+01 -5.149873333333333109e-02
1.990000406900999996e+00 7.070149993896480112e+01 -5.222390000000001059e-02
2.033335367838500218e+00 7.069499969482420454e+01 -5.161793333333333095e-02
2.073313395182299956e+00 7.068900299072269888e+01 -5.113116666666667198e-02
2.113342285156199818e+00 7.068299865722660513e+01 -5.066426666666667272e-02
2.153320312500000000e+00 7.067700195312500000e+01 -5.146893333333333459e-02
2.196655273437500000e+00 7.067050170898440342e+01 -5.116096666666666154e-02
2.236684163411499782e+00 7.066449737548829546e+01 -5.189610000000000056e-02
2.276662190755200044e+00 7.065850067138670454e+01 -5.187620000000000425e-02
2.319997151692700044e+00 7.065200042724609375e+01 -5.251200000000000312e-02
2.356669108072900087e+00 7.064649963378910513e+01 -5.270076666666666937e-02
2.400004069010400087e+00 7.063999938964839487e+01 -5.245239999999998931e-02
2.439982096354199825e+00 7.063400268554690342e+01 -5.085300000000000237e-02
2.480010986328100131e+00 7.062799835205079546e+01 -4.978013333333333040e-02
2.523345947265600131e+00 7.062149810791019888e+01 -4.939270000000000466e-02
2.563323974609399869e+00 7.061550140380859375e+01 -4.862776666666666220e-02
2.603352864583300175e+00 7.060949707031250000e+01 -4.808136666666665976e-02
2.643330891927099913e+00 7.060350036621089487e+01 -4.842906666666666610e-02
2.683308919270800175e+00 7.059750366210940342e+01 -4.909466666666666840e-02
2.726643880208300175e+00 7.059100341796869316e+01 -4.942250000000000115e-02
2.766672770182299956e+00 7.058499908447269888e+01 -4.858803333333333585e-02
2.806650797526000218e+00 7.057900238037109375e+01 -4.644226666666666919e-02
2.849985758463500218e+00 7.057250213623049717e+01 -4.554816666666666736e-02
2.890014648437500000e+00 7.056649780273440342e+01 -4.638266666666666233e-02
2.933349609375000000e+00 7.055999755859369316e+01 -4.708796666666666825e-02
2.970021565755200044e+00 7.055449676513670454e+01 -4.825026666666667324e-02
3.013356526692700044e+00 7.054799652099609375e+01 -4.852840000000000625e-02
3.053334554036499782e+00 7.054199981689450283e+01 -4.756483333333333396e-02
3.093312581380200044e+00 7.053600311279299717e+01 -4.665086666666665854e-02
3.136647542317700044e+00 7.052950286865230112e+01 -4.648200000000000248e-02
3.176676432291699825e+00 7.052349853515619316e+01 -4.601509999999999628e-02
3.216654459635400087e+00 7.051750183105470171e+01 -4.559786666666667404e-02
3.256683349609399869e+00 7.051149749755859375e+01 -4.480313333333333509e-02
3.296661376953100131e+00 7.050550079345700283e+01 -4.430643333333333933e-02
3.339996337890600131e+00 7.049900054931640625e+01 -4.416736666666667283e-02
3.380025227864599913e+00 7.049299621582029829e+01 -4.408786666666666965e-02
3.420003255208300175e+00 7.048699951171869316e+01 -4.382956666666667361e-02
3.463338216145800175e+00 7.048049926757809658e+01 -4.346203333333333724e-02
3.503316243489599913e+00 7.047450256347660513e+01 -4.212083333333332957e-02
3.543345133463500218e+00 7.046849822998049717e+01 -4.107776666666666798e-02
3.583323160807299956e+00 7.046250152587890625e+01 -4.094863333333333827e-02
3.626658121744799956e+00 7.045600128173829546e+01 -4.130623333333333091e-02
3.666687011718699818e+00 7.044999694824220171e+01 -4.105790000000000134e-02
3.706665039062500000e+00 7.044400024414059658e+01 -4.145526666666666388e-02
3.746643066406199818e+00 7.043800354003910513e+01 -4.183276666666666671e-02
3.786671956380200044e+00 7.043199920654299717e+01 -4.238913333333332867e-02
3.830006917317700044e+00 7.042549896240230112e+01 -4.167390000000000677e-02
3.869984944661499782e+00 7.041950225830079546e+01 -4.092883333333333096e-02
3.913319905598999782e+00 7.041300201416019888e+01 -4.180303333333332955e-02
3.953348795572900087e+00 7.040699768066410513e+01 -4.303486666666667126e-02
3.993326822916699825e+00 7.040100097656250000e+01 -4.265736666666666149e-02
4.033355712890600131e+00 7.039499664306640625e+01 -4.244876666666666520e-02
4.076690673828100131e+00 7.038849639892579546e+01 -4.258783333333332477e-02
4.116668701171899869e+00 7.038249969482420454e+01 -4.344216666666667059e-02
4.156646728515600131e+00 7.037650299072269888e+01 -4.461436666666666190e-02
4.196675618489599913e+00 7.037049865722660513e+01 -4.502169999999999783e-02
4.236653645833300175e+00 7.036450195312500000e+01 -4.431636666666666224e-02
4.279988606770800175e+00 7.035800170898440342e+01 -4.390906666666666291e-02
4.320017496744799956e+00 7.035199737548829546e+01 -4.372029999999999667e-02
4.363352457682299956e+00 7.034549713134769888e+01 -4.461439999999999850e-02
4.400024414062500000e+00 7.033999633789059658e+01 -4.380973333333332970e-02
4.443308512369799956e+00 7.033350372314450283e+01 -4.265736666666666843e-02
4.483337402343700262e+00 7.032749938964839487e+01 -4.263749999999999485e-02
4.523315429687500000e+00 7.032150268554690342e+01 -4.277656666666666135e-02
4.566650390625000000e+00 7.031500244140619316e+01 -4.254809999999999842e-02
4.606679280598999782e+00 7.030899810791019888e+01 -4.223019999999999552e-02
4.646657307942700044e+00 7.030300140380859375e+01 -4.174343333333332962e-02
4.689992268880200044e+00 7.029650115966799717e+01 -4.144533333333333402e-02
4.726664225260400087e+00 7.029100036621089487e+01 -4.148506666666666037e-02
4.769999186197900087e+00 7.028450012207029829e+01 -4.193209999999999993e-02
4.809977213541699825e+00 7.027850341796869316e+01 -4.268709999999999866e-02
4.853312174479199825e+00 7.027200317382809658e+01 -4.274676666666666486e-02
4.889984130859399869e+00 7.026650238037109375e+01 -4.240903333333332498e-02
4.933319091796899869e+00 7.026000213623049717e+01 -4.239906666666667240e-02
4.973347981770800175e+00 7.025399780273440342e+01 -4.270703333333333157e-02
5.013326009114599913e+00 7.024800109863279829e+01 -4.284609999999999808e-02
5.056660970052099913e+00 7.024150085449220171e+01 -4.270703333333333157e-02
5.099995930989599913e+00 7.023500061035160513e+01 -4.354150000000000381e-02
5.136667887369799956e+00 7.022949981689450283e+01 -4.400843333333333968e-02
5.176645914713500218e+00 7.022350311279299717e+01 -4.392893333333332956e-02
5.219980875651000218e+00 7.021700286865230112e+01 -4.401836666666666953e-02
5.263315836588500218e+00 7.021050262451170454e+01 -4.346203333333333724e-02
5.303344726562500000e+00 7.020449829101559658e+01 -4.241886666666666583e-02
5.343322753906200262e+00 7.019850158691410513e+01 -4.216059999999999947e-02
5.383351643880200044e+00 7.019249725341799717e+01 -4.208110000000000323e-02
5.423329671223999782e+00 7.018650054931640625e+01 -4.238906666666666240e-02
5.466664632161499782e+00 7.018000030517579546e+01 -4.149506666666667037e-02
5.503336588541699825e+00 7.017449951171869316e+01 -3.938886666666666786e-02
5.546671549479199825e+00 7.016799926757809658e+01 -3.885243333333333188e-02
5.590006510416699825e+00 7.016149902343750000e+01 -3.950809999999999739e-02
5.626678466796899869e+00 7.015599822998049717e+01 -4.001476666666666654e-02
5.670013427734399869e+00 7.014949798583980112e+01 -4.054133333333333200e-02
5.709991455078100131e+00 7.014350128173829546e+01 -4.077976666666666833e-02
5.750020345052099913e+00 7.013749694824220171e+01 -4.023329999999999962e-02
5.789998372395800175e+00 7.013150024414059658e+01 -4.121693333333333736e-02
5.829976399739599913e+00 7.012550354003910513e+01 -4.110756666666667142e-02
5.873311360677099913e+00 7.011900329589839487e+01 -4.065060000000000201e-02
5.913340250651000218e+00 7.011299896240230112e+01 -4.032276666666666926e-02
5.953318277994799956e+00 7.010700225830079546e+01 -3.975646666666666357e-02
5.996653238932299956e+00 7.010050201416019888e+01 -3.985580000000000372e-02
6.036682128906200262e+00 7.009449768066410513e+01 -3.929946666666666449e-02
6.076660156250000000e+00 7.008850097656250000e+01 -4.013400000000000301e-02
6.119995117187500000e+00 7.008200073242190342e+01 -4.016383333333333611e-02
6.160024007161499782e+00 7.007599639892579546e+01 -3.886236666666666867e-02
6.200002034505200044e+00 7.006999969482420454e+01 -3.838553333333333262e-02
6.243336995442700044e+00 7.006349945068359375e+01 -3.828619999999999940e-02
6.280008951822900087e+00 7.005799865722660513e+01 -3.906106666666666477e-02
6.323343912760400087e+00 7.005149841308589487e+01 -3.949816666666666753e-02
6.363321940104199825e+00 7.004550170898440342e+01 -3.922003333333333452e-02
6.406656901041699825e+00 7.003900146484369316e+01 -3.875319999999999460e-02
6.446685791015600131e+00 7.003299713134769888e+01 -3.816706666666666581e-02
6.486663818359399869e+00 7.002700042724609375e+01 -3.740206666666667096e-02
6.526641845703100131e+00 7.002100372314450283e+01 -3.807759999999999617e-02
6.569976806640600131e+00 7.001450347900390625e+01 -3.803783333333333322e-02
6.610005696614599913e+00 7.000849914550779829e+01 -3.782923333333332999e-02
6.649983723958300175e+00 7.000250244140619316e+01 -3.810739999999999961e-02
6.690012613932299956e+00 6.999649810791019888e+01 -3.868356666666666888e-02
6.729990641276000218e+00 6.999050140380859375e+01 -3.747160000000000074e-02
6.773325602213500218e+00 6.998400115966799717e+01 -3.658750000000000197e-02
6.813354492187500000e+00 6.997799682617190342e+01 -3.658750000000000197e-02
6.853332519531200262e+00 6.997200012207029829e+01 -3.686563333333333498e-02
6.896667480468700262e+00 6.996549987792970171e+01 -3.731266666666666759e-02
6.936645507812500000e+00 6.995950317382809658e+01 -3.890213333333333162e-02
6.976674397786499782e+00 6.995349884033200283e+01 -3.884250000000000203e-02
7.016652425130200044e+00 6.994750213623049717e+01 -3.935910000000000103e-02
7.059987386067700044e+00 6.994100189208980112e+01 -3.896169999999999495e-02
7.100016276041699825e+00 6.993499755859369316e+01 -3.835573333333332918e-02
7.143351236979199825e+00 6.992849731445309658e+01 -3.800813333333333266e-02
7.183329264322900087e+00 6.992250061035160513e+01 -3.769016666666666349e-02
7.223358154296899869e+00 6.991649627685549717e+01 -3.710406666666666436e-02
7.263336181640600131e+00 6.991049957275390625e+01 -3.713383333333333119e-02
7.300008138020800175e+00 6.990499877929690342e+01 -3.719346666666666773e-02
7.343343098958300175e+00 6.989849853515619316e+01 -3.780936666666667029e-02
7.386678059895800175e+00 6.989199829101559658e+01 -3.922010000000000080e-02
7.426656087239599913e+00 6.988600158691410513e+01 -3.889216666666666516e-02
7.466684977213500218e+00 6.987999725341799717e+01 -3.839549999999999907e-02
7.510019938151000218e+00 6.987349700927730112e+01 -3.856436666666666208e-02
7.549997965494799956e+00 6.986750030517579546e+01 -3.856436666666666208e-02
7.589975992838500218e+00 6.986150360107420454e+01 -3.812726666666666625e-02
7.633310953776000218e+00 6.985500335693359375e+01 -3.755109999999999698e-02
7.673339843750000000e+00 6.984899902343750000e+01 -3.775970000000000021e-02
7.713317871093700262e+00 6.984300231933589487e+01 -3.736233333333333073e-02
7.753346761067700044e+00 6.983699798583980112e+01 -3.695503333333333140e-02
7.796681722005200044e+00 6.983049774169920454e+01 -3.629936666666666589e-02
7.836659749348999782e+00 6.982450103759769888e+01 -3.598146666666666299e-02
7.876688639322900087e+00 6.981849670410160513e+01 -3.664706666666666529e-02
7.916666666666699825e+00 6.981250000000000000e+01 -3.742193333333333066e-02
7.956644694010400087e+00 6.980650329589839487e+01 -3.774976666666666342e-02
7.999979654947900087e+00 6.980000305175779829e+01 -3.809746666666666282e-02
8.040008544921899869e+00 6.979399871826170454e+01 -3.799809999999999993e-02
8.079986572265600131e+00 6.978800201416019888e+01 -3.777956666666666685e-02
8.123321533203100131e+00 6.978150177001950283e+01 -3.708420000000000466e-02
8.163350423177099913e+00 6.977549743652339487e+01 -3.679609999999999825e-02
8.203328450520800175e+00 6.976950073242190342e+01 -3.648813333333333214e-02
8.243357340494799956e+00 6.976349639892579546e+01 -3.645833333333333565e-02
8.283335367838500218e+00 6.975749969482420454e+01 -3.665700000000000208e-02
8.326670328776000218e+00 6.975099945068359375e+01 -3.771003333333333707e-02
8.366648356119799956e+00 6.974500274658200283e+01 -3.808750000000000330e-02
8.406677246093700262e+00 6.973899841308589487e+01 -3.897166666666666140e-02
8.450012207031200262e+00 6.973249816894529829e+01 -3.902133333333333148e-02
8.486684163411499782e+00 6.972699737548829546e+01 -3.773979999999999696e-02
8.530019124348999782e+00 6.972049713134769888e+01 -3.750139999999999724e-02
8.569997151692700044e+00 6.971450042724609375e+01 -3.871336666666666537e-02
8.613332112630200044e+00 6.970800018310549717e+01 -3.856436666666666208e-02
8.653310139973999782e+00 6.970200347900390625e+01 -3.784916666666666291e-02
8.693339029947900087e+00 6.969599914550779829e+01 -3.730273333333333080e-02
8.733317057291699825e+00 6.969000244140619316e+01 -3.689543333333333147e-02
8.773345947265600131e+00 6.968399810791019888e+01 -3.534570000000000073e-02
8.816680908203100131e+00 6.967749786376950283e+01 -3.427279999999999910e-02
8.856658935546899869e+00 6.967150115966799717e+01 -3.393506666666667310e-02
8.896687825520800175e+00 6.966549682617190342e+01 -3.396486666666666959e-02
8.940022786458300175e+00 6.965899658203119316e+01 -3.425296666666666906e-02
8.980000813802099913e+00 6.965299987792970171e+01 -3.485893333333333483e-02
9.019978841145800175e+00 6.964700317382809658e+01 -3.586226666666667007e-02
9.060007731119799956e+00 6.964099884033200283e+01 -3.674643333333333511e-02
9.103342692057299956e+00 6.963449859619140625e+01 -3.668679999999999858e-02
9.143320719401000218e+00 6.962850189208980112e+01 -3.572320000000000356e-02
9.183349609375000000e+00 6.962249755859369316e+01 -3.546490000000000059e-02
9.223327636718700262e+00 6.961650085449220171e+01 -3.567353333333333348e-02
9.266662597656200262e+00 6.961000061035160513e+01 -3.532583333333333409e-02
9.306691487630200044e+00 6.960399627685549717e+01 -3.589210000000000317e-02
9.346669514973999782e+00 6.959799957275390625e+01 -3.595166666666666649e-02
9.390004475911499782e+00 6.959149932861329546e+01 -3.675633333333333530e-02
9.429982503255200044e+00 6.958550262451170454e+01 -3.730273333333333080e-02
9.470011393229199825e+00 6.957949829101559658e+01 -3.729279999999999401e-02
9.509989420572900087e+00 6.957350158691410513e+01 -3.679609999999999825e-02
9.553324381510400087e+00 6.956700134277339487e+01 -3.679606666666666859e-02
9.593353271484399869e+00 6.956099700927730112e+01 -3.742193333333333066e-02
9.633331298828100131e+00 6.955500030517579546e+01 -3.683583333333333154e-02
9.673309326171899869e+00 6.954900360107420454e+01 -3.606096666666666617e-02
9.716644287109399869e+00 6.954250335693359375e+01 -3.540530000000000066e-02
9.756673177083300175e+00 6.953649902343750000e+01 -3.523643333333333766e-02
9.796651204427099913e+00 6.953050231933589487e+01 -3.551460000000000033e-02
9.836680094401000218e+00 6.952449798583980112e+01 -3.539536666666667081e-02
9.880015055338500218e+00 6.951799774169920454e+01 -3.575300000000000006e-02
9.919993082682299956e+00 6.951200103759769888e+01 -3.588213333333333671e-02
9.960021972656200262e+00 6.950599670410160513e+01 -3.575303333333332972e-02
1.000000000000000000e+01 6.950000000000000000e+01 -3.535566666666666719e-02
1.004333496093750000e+01 6.949349975585940342e+01 -3.563380000000000020e-02
1.008331298828120026e+01 6.948750305175779829e+01 -3.707423333333333820e-02
1.012334187825520004e+01 6.948149871826170454e+01 -3.744179999999999731e-02
1.016331990559899978e+01 6.947550201416019888e+01 -3.780936666666667029e-02
1.020665486653649978e+01 6.946900177001950283e+01 -3.790869999999999657e-02
1.024668375651040009e+01 6.946299743652339487e+01 -3.696496666666666125e-02
1.028666178385419983e+01 6.945700073242190342e+01 -3.752126666666666388e-02
1.032999674479169983e+01 6.945050048828119316e+01 -3.651793333333333558e-02
1.036997477213540009e+01 6.944450378417970171e+01 -3.587223333333333652e-02
1.041000366210939987e+01 6.943849945068359375e+01 -3.623979999999999563e-02
1.044998168945310013e+01 6.943250274658200283e+01 -3.598149999999999959e-02
1.049001057942709991e+01 6.942649841308589487e+01 -3.626956666666666246e-02
1.053334554036459991e+01 6.941999816894529829e+01 -3.589206666666666656e-02
1.057332356770830017e+01 6.941400146484369316e+01 -3.597156666666666974e-02
1.061335245768229996e+01 6.940799713134769888e+01 -3.467020000000000518e-02
1.065668741861979996e+01 6.940149688720700283e+01 -3.317013333333333064e-02
1.069666544596350022e+01 6.939550018310549717e+01 -3.366686666666666300e-02
1.074000040690100022e+01 6.938899993896480112e+01 -3.357743333333332997e-02
1.077667236328120026e+01 6.938349914550779829e+01 -3.320986666666666393e-02
1.081665039062500000e+01 6.937750244140619316e+01 -3.300126666666666764e-02
1.085998535156250000e+01 6.937100219726559658e+01 -3.330920000000000408e-02
1.090001424153649978e+01 6.936499786376950283e+01 -3.319003333333333389e-02
1.093999226888020004e+01 6.935900115966799717e+01 -3.282243333333333818e-02
1.098002115885419983e+01 6.935299682617190342e+01 -3.387546666666666623e-02
1.102335611979169983e+01 6.934649658203119316e+01 -3.331913333333333394e-02
1.106333414713540009e+01 6.934049987792970171e+01 -3.249460000000000542e-02
1.110331217447919983e+01 6.933450317382809658e+01 -3.232573333333333548e-02
1.114334106445310013e+01 6.932849884033200283e+01 -3.216680000000000234e-02
1.118667602539060013e+01 6.932199859619140625e+01 -3.174956666666666621e-02
1.122665405273439987e+01 6.931600189208980112e+01 -3.171976666666666972e-02
1.126668294270830017e+01 6.930999755859369316e+01 -3.255419999999999842e-02
1.130666097005209991e+01 6.930400085449220171e+01 -3.191843333333332922e-02
1.134999593098959991e+01 6.929750061035160513e+01 -3.142176666666666313e-02
1.139002482096350022e+01 6.929149627685549717e+01 -3.131246666666667039e-02
1.143000284830729996e+01 6.928549957275390625e+01 -3.098463333333333417e-02
1.147333780924479996e+01 6.927899932861329546e+01 -3.073630000000000459e-02
1.151331583658850022e+01 6.927300262451170454e+01 -3.250456666666667188e-02
1.155334472656250000e+01 6.926699829101559658e+01 -3.343836666666666346e-02
1.159332275390620026e+01 6.926100158691410513e+01 -3.272313333333333463e-02
1.163665771484370026e+01 6.925450134277339487e+01 -3.280259999999999426e-02
1.167668660481770004e+01 6.924849700927730112e+01 -3.320986666666666393e-02
1.171666463216149978e+01 6.924250030517579546e+01 -3.342839999999999701e-02
1.175999959309899978e+01 6.923600006103519888e+01 -3.299130000000000118e-02
1.179997762044270004e+01 6.923000335693359375e+01 -3.210716666666666580e-02
1.184000651041669983e+01 6.922399902343750000e+01 -3.276286666666666791e-02
1.187998453776040009e+01 6.921800231933589487e+01 -3.287210000000000132e-02
1.192331949869790009e+01 6.921150207519529829e+01 -3.247473333333333184e-02
1.196334838867189987e+01 6.920549774169920454e+01 -3.342843333333333361e-02
1.200332641601560013e+01 6.919950103759769888e+01 -3.421319999999999917e-02
1.204335530598959991e+01 6.919349670410160513e+01 -3.452120000000000188e-02
1.208669026692709991e+01 6.918699645996089487e+01 -3.374633333333332957e-02
1.212666829427080017e+01 6.918099975585940342e+01 -3.367676666666666319e-02
1.216664632161459991e+01 6.917500305175779829e+01 -3.455096666666666178e-02
1.220998128255209991e+01 6.916850280761720171e+01 -3.466023333333333872e-02
1.225001017252600022e+01 6.916249847412109375e+01 -3.508743333333333436e-02
1.229334513346350022e+01 6.915599822998049717e+01 -3.501786666666666797e-02
1.233332316080729996e+01 6.915000152587890625e+01 -3.456093333333332823e-02
1.237335205078120026e+01 6.914399719238279829e+01 -3.502779999999999783e-02
1.241333007812500000e+01 6.913800048828119316e+01 -3.521656666666666408e-02
1.245330810546870026e+01 6.913200378417970171e+01 -3.531590000000000423e-02
1.249664306640620026e+01 6.912550354003910513e+01 -3.519669999999999743e-02
1.253667195638020004e+01 6.911949920654299717e+01 -3.459070000000000200e-02
1.257664998372399978e+01 6.911350250244140625e+01 -3.505763333333333093e-02
1.261998494466149978e+01 6.910700225830079546e+01 -3.489866666666666811e-02
1.265665690104169983e+01 6.910150146484369316e+01 -3.575300000000000006e-02
1.269999186197919983e+01 6.909500122070309658e+01 -3.630933333333333235e-02
1.274002075195310013e+01 6.908899688720700283e+01 -3.527616666666667095e-02
1.277999877929689987e+01 6.908300018310549717e+01 -3.498806666666667148e-02
1.281997680664060013e+01 6.907700347900390625e+01 -3.499803333333333794e-02
1.286331176757810013e+01 6.907050323486329546e+01 -3.527616666666667095e-02
1.290334065755209991e+01 6.906449890136720171e+01 -3.527616666666666401e-02
1.294331868489580017e+01 6.905850219726559658e+01 -3.457086666666666502e-02
1.298334757486979996e+01 6.905249786376950283e+01 -3.380593333333333644e-02
1.302668253580729996e+01 6.904599761962890625e+01 -3.415363333333332890e-02
1.307001749674479996e+01 6.903949737548829546e+01 -3.530596666666666744e-02
1.310668945312500000e+01 6.903399658203119316e+01 -3.545496666666666380e-02
1.315002441406250000e+01 6.902749633789059658e+01 -3.726299999999999751e-02
1.319000244140620026e+01 6.902149963378910513e+01 -3.766036666666666699e-02
1.323333740234370026e+01 6.901499938964839487e+01 -3.817689999999999972e-02
1.327000935872399978e+01 6.900949859619140625e+01 -3.859416666666667245e-02
1.331334431966149978e+01 6.900299835205079546e+01 -3.858423333333333566e-02
1.335332234700520004e+01 6.899700164794920454e+01 -3.858423333333333566e-02
1.339665730794270004e+01 6.899050140380859375e+01 -3.858423333333333566e-02
1.343332926432290009e+01 6.898500061035160513e+01 -3.921999999999999792e-02
1.347666422526040009e+01 6.897850036621089487e+01 -4.156463333333332982e-02
1.351664225260419983e+01 6.897250366210940342e+01 -4.318386666666666068e-02
1.355667114257810013e+01 6.896649932861329546e+01 -4.421703333333334290e-02
1.359664916992189987e+01 6.896050262451170454e+01 -4.457466666666667215e-02
1.363667805989580017e+01 6.895449829101559658e+01 -4.521043333333333442e-02
1.368001302083330017e+01 6.894799804687500000e+01 -4.717740000000000128e-02
1.371999104817709991e+01 6.894200134277339487e+01 -4.648200000000000248e-02
1.376001993815100022e+01 6.893599700927730112e+01 -4.634293333333333598e-02
1.380335489908850022e+01 6.892949676513670454e+01 -4.655153333333333920e-02
1.384333292643229996e+01 6.892350006103519888e+01 -4.596543333333333314e-02
1.388331095377600022e+01 6.891750335693359375e+01 -4.676013333333333549e-02
1.392333984375000000e+01 6.891149902343750000e+01 -4.801183333333332998e-02
1.396667480468750000e+01 6.890499877929690342e+01 -4.851849999999999913e-02
1.400665283203120026e+01 6.889900207519529829e+01 -4.957149999999999751e-02
1.404668172200520004e+01 6.889299774169920454e+01 -5.025696666666665952e-02
1.408665974934899978e+01 6.888700103759769888e+01 -5.061460000000000264e-02
1.412999471028649978e+01 6.888050079345700283e+01 -4.933309999999999779e-02
1.417002360026040009e+01 6.887449645996089487e+01 -4.927346666666667513e-02
1.421000162760419983e+01 6.886849975585940342e+01 -4.890593333333333875e-02
1.425333658854169983e+01 6.886199951171869316e+01 -4.927346666666667513e-02
1.429331461588540009e+01 6.885600280761720171e+01 -4.985960000000000392e-02
1.433334350585939987e+01 6.884999847412109375e+01 -5.053509999999999946e-02
1.437332153320310013e+01 6.884400177001950283e+01 -5.109143333333333176e-02
1.441665649414060013e+01 6.883750152587890625e+01 -5.149870000000000142e-02
1.445668538411459991e+01 6.883149719238279829e+01 -5.152853333333332758e-02
1.449666341145830017e+01 6.882550048828119316e+01 -5.160800000000000803e-02
1.453664143880209991e+01 6.881950378417970171e+01 -5.126030000000000170e-02
1.457997639973959991e+01 6.881300354003910513e+01 -5.020730000000000331e-02
1.462000528971350022e+01 6.880699920654299717e+01 -4.971056666666665708e-02
1.465998331705729996e+01 6.880100250244140625e+01 -4.946223333333333444e-02
1.469334920247399978e+01 6.879599761962890625e+01 -4.981986666666666369e-02
1.474334716796870026e+01 6.878849792480470171e+01 -4.979006666666666719e-02
1.478332519531250000e+01 6.878250122070309658e+01 -4.943243333333333794e-02
1.482335408528649978e+01 6.877649688720700283e+01 -4.989933333333333026e-02
1.486668904622399978e+01 6.876999664306640625e+01 -5.001853333333333707e-02
1.490666707356770004e+01 6.876399993896480112e+01 -4.988940000000000041e-02
1.494664510091149978e+01 6.875800323486329546e+01 -4.872710000000000236e-02
1.498667399088540009e+01 6.875199890136720171e+01 -4.866750000000000242e-02
1.503000895182290009e+01 6.874549865722660513e+01 -4.899533333333333518e-02
1.506998697916669983e+01 6.873950195312500000e+01 -4.962116666666666065e-02
1.511001586914060013e+01 6.873349761962890625e+01 -5.033643333333333997e-02
1.515335083007810013e+01 6.872699737548829546e+01 -4.997879999999999684e-02
1.519332885742189987e+01 6.872100067138670454e+01 -4.965100000000000069e-02
1.523335774739580017e+01 6.871499633789059658e+01 -4.870723333333332877e-02
1.527333577473959991e+01 6.870899963378910513e+01 -4.848866666666665909e-02
1.531667073567709991e+01 6.870249938964839487e+01 -4.947216666666667123e-02
1.535334269205729996e+01 6.869699859619140625e+01 -4.953176666666666422e-02
1.539332071940100022e+01 6.869100189208980112e+01 -5.003840000000000371e-02
1.543665568033850022e+01 6.868450164794920454e+01 -5.117089999999999833e-02
1.547999064127600022e+01 6.867800140380859375e+01 -5.128016666666666140e-02
1.552001953125000000e+01 6.867199707031250000e+01 -5.100203333333333533e-02
1.555999755859370026e+01 6.866600036621089487e+01 -5.058480000000000615e-02
1.559997558593750000e+01 6.866000366210940342e+01 -5.106163333333333526e-02
1.564000447591149978e+01 6.865399932861329546e+01 -5.230339999999999989e-02
1.568333943684899978e+01 6.864749908447269888e+01 -5.287956666666666222e-02
1.572331746419270004e+01 6.864150238037109375e+01 -5.348556666666667153e-02
1.576334635416669983e+01 6.863549804687500000e+01 -5.383323333333333433e-02
1.580332438151040009e+01 6.862950134277339487e+01 -5.370409999999999767e-02
1.584665934244790009e+01 6.862300109863279829e+01 -5.329679999999999834e-02
1.588668823242189987e+01 6.861699676513670454e+01 -5.458823333333332611e-02
1.592666625976560013e+01 6.861100006103519888e+01 -5.404186666666666028e-02
1.596664428710939987e+01 6.860500335693359375e+01 -5.334646666666666842e-02
1.600997924804689987e+01 6.859850311279299717e+01 -5.333653333333333163e-02
1.605000813802080017e+01 6.859249877929690342e+01 -5.479683333333332934e-02
1.608998616536459991e+01 6.858650207519529829e+01 -5.547236666666666149e-02
1.613001505533850022e+01 6.858049774169920454e+01 -5.603859999999999397e-02
1.617335001627600022e+01 6.857399749755859375e+01 -5.669426666666666642e-02
1.621332804361979996e+01 6.856800079345700283e+01 -5.819429999999999742e-02
1.625335693359370026e+01 6.856199645996089487e+01 -5.852213333333333711e-02
1.629333496093750000e+01 6.855599975585940342e+01 -5.791616666666666441e-02
1.633331298828120026e+01 6.855000305175779829e+01 -5.764793333333332465e-02
1.637664794921870026e+01 6.854350280761720171e+01 -5.701216666666666238e-02
1.641667683919270004e+01 6.853749847412109375e+01 -5.694263333333333260e-02
1.645665486653649978e+01 6.853150177001950283e+01 -5.660486666666666306e-02
1.649998982747399978e+01 6.852500152587890625e+01 -5.605846666666666755e-02
1.654332478841149978e+01 6.851850128173829546e+01 -5.609820000000000778e-02
1.658335367838540009e+01 6.851249694824220171e+01 -5.625716666666666366e-02
1.662333170572919983e+01 6.850650024414059658e+01 -5.634656666666667396e-02
1.666330973307290009e+01 6.850050354003910513e+01 -5.582999999999999768e-02
1.670333862304689987e+01 6.849449920654299717e+01 -5.567106666666666454e-02
1.674331665039060013e+01 6.848850250244140625e+01 -5.554189999999999822e-02
1.678665161132810013e+01 6.848200225830079546e+01 -5.570083333333333137e-02
1.682668050130209991e+01 6.847599792480470171e+01 -5.581013333333332410e-02
1.687001546223959991e+01 6.846949768066410513e+01 -5.624723333333333380e-02
1.690999348958330017e+01 6.846350097656250000e+01 -5.487633333333333252e-02
1.695002237955729996e+01 6.845749664306640625e+01 -5.368423333333333103e-02
1.699000040690100022e+01 6.845149993896480112e+01 -5.297889999999999544e-02
1.702997843424479996e+01 6.844550323486329546e+01 -5.421073333333333716e-02
1.707000732421870026e+01 6.843949890136720171e+01 -5.538296666666666507e-02
1.711334228515620026e+01 6.843299865722660513e+01 -5.469750000000000306e-02
1.715667724609370026e+01 6.842649841308589487e+01 -5.321733333333333871e-02
1.719334920247399978e+01 6.842099761962890625e+01 -5.229343333333333343e-02
1.723668416341149978e+01 6.841449737548829546e+01 -5.203516666666666707e-02
1.727335611979169983e+01 6.840899658203119316e+01 -5.203516666666666707e-02
1.731669108072919983e+01 6.840249633789059658e+01 -5.215436666666666693e-02
1.736333211263020004e+01 6.839550018310549717e+01 -5.233316666666667366e-02
1.739664713541669983e+01 6.839050292968750000e+01 -5.147883333333333478e-02
1.743331909179689987e+01 6.838500213623049717e+01 -5.015763333333333324e-02
1.748331705729169983e+01 6.837750244140619316e+01 -4.969069999999999737e-02
1.751998901367189987e+01 6.837200164794920454e+01 -5.049536666666667312e-02
1.756668090820310013e+01 6.836499786376950283e+01 -5.110136666666666855e-02
1.759999593098959991e+01 6.836000061035160513e+01 -5.205503333333333371e-02
1.764668782552080017e+01 6.835299682617190342e+01 -5.279016666666666580e-02
1.768330891927080017e+01 6.834750366210940342e+01 -5.318749999999999867e-02
1.772664388020830017e+01 6.834100341796869316e+01 -5.402196666666666397e-02
1.777333577473959991e+01 6.833399963378910513e+01 -5.408156666666666390e-02
1.780665079752600022e+01 6.832900238037109375e+01 -5.380343333333333783e-02
1.784667968750000000e+01 6.832299804687500000e+01 -5.335639999999999827e-02
1.789332071940100022e+01 6.831600189208980112e+01 -5.345573333333333149e-02
1.793334960937500000e+01 6.830999755859369316e+01 -5.362463333333333804e-02
1.797002156575520004e+01 6.830449676513670454e+01 -5.512466666666667597e-02
1.800999959309899978e+01 6.829850006103519888e+01 -5.688299999999999607e-02
1.805333455403649978e+01 6.829199981689450283e+01 -5.710153333333333608e-02
1.809666951497399978e+01 6.828549957275390625e+01 -5.684326666666666972e-02
1.813664754231770004e+01 6.827950286865230112e+01 -5.677373333333333300e-02
1.817331949869790009e+01 6.827400207519529829e+01 -5.655519999999999992e-02
1.821665445963540009e+01 6.826750183105470171e+01 -5.601873333333332733e-02
1.825332641601560013e+01 6.826200103759769888e+01 -5.645583333333333703e-02
1.829666137695310013e+01 6.825550079345700283e+01 -5.770753333333333152e-02
1.833999633789060013e+01 6.824900054931640625e+01 -5.842279999999999696e-02
1.838002522786459991e+01 6.824299621582029829e+01 -5.799563333333333098e-02
1.842330932617189987e+01 6.823650360107420454e+01 -5.706183333333333246e-02
1.846333821614580017e+01 6.823049926757809658e+01 -5.631676666666666359e-02
1.850001017252600022e+01 6.822499847412109375e+01 -5.642603333333332666e-02
1.854334513346350022e+01 6.821849822998049717e+01 -5.705190000000000955e-02
1.858668009440100022e+01 6.821199798583980112e+01 -5.726049999999999890e-02
1.862665812174479996e+01 6.820600128173829546e+01 -5.720089999999999897e-02
1.866333007812500000e+01 6.820050048828119316e+01 -5.748900000000000537e-02
1.870666503906250000e+01 6.819400024414059658e+01 -5.722076666666666561e-02
1.875335693359370026e+01 6.818699645996089487e+01 -5.782673333333333138e-02
1.878667195638020004e+01 6.818199920654299717e+01 -5.882016666666666643e-02
1.883000691731770004e+01 6.817549896240230112e+01 -5.911816666666666609e-02
1.886998494466149978e+01 6.816950225830079546e+01 -6.001226666666666792e-02
1.891001383463540009e+01 6.816349792480470171e+01 -6.028049999999999381e-02
1.895334879557290009e+01 6.815699768066410513e+01 -5.961486666666667572e-02
1.899332682291669983e+01 6.815100097656250000e+01 -5.965463333333333867e-02
1.903335571289060013e+01 6.814499664306640625e+01 -5.954536666666667560e-02
1.907669067382810013e+01 6.813849639892579546e+01 -5.879036666666666994e-02
1.911666870117189987e+01 6.813249969482420454e+01 -5.943606666666666899e-02
1.915664672851560013e+01 6.812650299072269888e+01 -6.022086666666667115e-02
1.919667561848959991e+01 6.812049865722660513e+01 -5.997250000000000497e-02
1.924001057942709991e+01 6.811399841308589487e+01 -5.973409999999999137e-02
1.927998860677080017e+01 6.810800170898440342e+01 -6.042946666666667438e-02
1.932001749674479996e+01 6.810199737548829546e+01 -5.977383333333333160e-02
1.935999552408850022e+01 6.809600067138670454e+01 -5.969436666666666502e-02
1.940333048502600022e+01 6.808950042724609375e+01 -6.017120000000000107e-02
1.944330851236979996e+01 6.808350372314450283e+01 -6.001223333333333132e-02
1.948333740234370026e+01 6.807749938964839487e+01 -5.963476666666667203e-02
1.952331542968750000e+01 6.807150268554690342e+01 -5.948573333333333907e-02
1.956665039062500000e+01 6.806500244140619316e+01 -6.012149999999999439e-02
1.960667928059899978e+01 6.805899810791019888e+01 -6.006193333333333800e-02
1.964665730794270004e+01 6.805300140380859375e+01 -6.045929999999999360e-02
1.968668619791669983e+01 6.804699707031250000e+01 -5.994269999999999460e-02
1.973002115885419983e+01 6.804049682617190342e+01 -5.979370000000000518e-02
1.976999918619790009e+01 6.803450012207029829e+01 -6.009173333333333450e-02
1.981333414713540009e+01 6.802799987792970171e+01 -6.022086666666667115e-02
1.985331217447919983e+01 6.802200317382809658e+01 -6.056856666666666361e-02
1.989334106445310013e+01 6.801599884033200283e+01 -6.054869999999999003e-02
1.993331909179689987e+01 6.801000213623049717e+01 -6.030033333333333773e-02
1.997334798177080017e+01 6.800399780273440342e+01 -6.095599999999998936e-02
2.000335693359370026e+01 6.799949645996089487e+01 -6.066789999999999683e-02
