-2.666676839192700044e+00 7.140000152587890625e+01 9.238776666666666726e-04
-2.626647949218699818e+00 7.139399719238279829e+01 5.563130000000000115e-04
-2.586669921875000000e+00 7.138800048828119316e+01 8.046659999999998883e-04
-2.546691894531199818e+00 7.138200378417970171e+01 3.576297999999999890e-04
-2.506663004557299956e+00 7.137599945068359375e+01 3.774993333333333191e-04
-2.463328043619799956e+00 7.136949920654299717e+01 7.152624666666666103e-04
-2.423350016276000218e+00 7.136350250244140625e+01 3.476950000000000244e-04
-2.383321126302099913e+00 7.135749816894529829e+01 4.669076666666666618e-04
-2.339986165364599913e+00 7.135099792480470171e+01 4.073003000000000279e-04
-2.300008138020800175e+00 7.134500122070309658e+01 5.662473333333333490e-04
-2.259979248046899869e+00 7.133899688720700283e+01 1.033152999999999979e-03
-2.220001220703100131e+00 7.133300018310549717e+01 9.934180000000000354e-04
-2.180023193359399869e+00 7.132700347900390625e+01 4.669056666666666845e-04
-2.136688232421899869e+00 7.132050323486329546e+01 1.589468333333333343e-04
-2.096659342447900087e+00 7.131449890136720171e+01 5.960496666666666122e-04
-2.056681315104199825e+00 7.130850219726559658e+01 3.973669999999999785e-04
-2.013346354166699825e+00 7.130200195312500000e+01 6.457198333333333306e-04
-1.973317464192700044e+00 7.129599761962890625e+01 1.142429333333333302e-03
-1.933339436849000004e+00 7.129000091552730112e+01 6.655901333333332816e-04
-1.893310546875000000e+00 7.128399658203119316e+01 7.549953333333333247e-04
-1.849975585937500000e+00 7.127749633789059658e+01 5.761819999999999529e-04
-1.809997558593700040e+00 7.127149963378910513e+01 4.967086666666666430e-04
-1.770019531250000000e+00 7.126550292968750000e+01 9.934163333333333786e-05
-1.726684570312500000e+00 7.125900268554690342e+01 8.742073333333332669e-04
-1.686655680338499996e+00 7.125299835205079546e+01 1.122561000000000002e-03
-1.646677652994799956e+00 7.124700164794920454e+01 6.655906666666666161e-04
-1.606648763020799953e+00 7.124099731445309658e+01 5.265103333333333736e-04
-1.563313802083299953e+00 7.123449707031250000e+01 9.338110000000001028e-04
-1.523335774739599913e+00 7.122850036621089487e+01 1.082822333333333369e-03
-1.483357747395799953e+00 7.122250366210940342e+01 7.351273333333333991e-04
-1.443328857421900091e+00 7.121649932861329546e+01 7.351283333333333064e-04
-1.403350830078099909e+00 7.121050262451170454e+01 1.092757666666666723e-03
-1.360015869140599909e+00 7.120400238037109375e+01 9.735483333333334530e-04
-1.319986979166700047e+00 7.119799804687500000e+01 7.847973333333333216e-04
-1.280008951822900087e+00 7.119200134277339487e+01 5.066421333333333797e-04
-1.236673990885400087e+00 7.118550109863279829e+01 2.185516666666666565e-04
-1.196645100911500004e+00 7.117949676513670454e+01 7.053250000000000275e-04
-1.156667073567700044e+00 7.117350006103519888e+01 1.092759999999999912e-03
-1.113332112630200044e+00 7.116699981689450283e+01 7.450613333333332535e-04
-1.073354085286500004e+00 7.116100311279299717e+01 6.357878333333332908e-04
-1.033325195312500000e+00 7.115499877929690342e+01 5.761806333333332900e-04
-9.933471679687000400e-01 7.114900207519529829e+01 4.867733333333333439e-04
-9.533182779947999563e-01 7.114299774169920454e+01 2.284855000000000132e-04
-9.099833170572999563e-01 7.113649749755859375e+01 2.980246666666666730e-04
-8.700052897134999963e-01 7.113050079345700283e+01 7.748653333333332819e-04
-8.299763997396000237e-01 7.112449645996089487e+01 8.245356666666666876e-04
-7.899983723957999526e-01 7.111849975585940342e+01 8.344690000000000094e-04
-7.466634114582999526e-01 7.111199951171869316e+01 8.344676666666666189e-04
-7.066853841146000237e-01 7.110600280761720171e+01 5.861146999999999061e-04
-6.666564941406000200e-01 7.109999847412109375e+01 7.053238666666665968e-04
-6.233215332031000200e-01 7.109349822998049717e+01 7.450630000000001271e-04
-5.833435058593999800e-01 7.108750152587890625e+01 5.364448000000000176e-04
-5.433146158853999763e-01 7.108149719238279829e+01 6.059833333333333088e-04
-4.999796549478999763e-01 7.107499694824220171e+01 8.046663333333333714e-04
-4.600016276041999919e-01 7.106900024414059658e+01 8.841426666666667286e-04
-4.200236002603999763e-01 7.106300354003910513e+01 7.351286666666666811e-04
-3.799947102865000037e-01 7.105699920654299717e+01 8.245383333333333601e-04
-3.400166829426999882e-01 7.105100250244140625e+01 9.338096666666667123e-04
-2.966817220051999882e-01 7.104450225830079546e+01 1.629203333333333449e-03
-2.566528320311999845e-01 7.103849792480470171e+01 6.328053333333333308e-03
-2.166748046875000000e-01 7.103250122070309658e+01 1.338129999999999875e-02
-1.766459147134999963e-01 7.102649688720700283e+01 1.475220000000000004e-02
-1.333109537759999963e-01 7.101999664306640625e+01 1.131500000000000040e-02
-9.333292643229999797e-02 7.101399993896480112e+01 6.725420000000000183e-03
-5.335489908850000323e-02 7.100800323486329546e+01 4.321359999999999785e-03
-1.332600911459999940e-02 7.100199890136720171e+01 3.874326666666667168e-03
2.665201822919999880e-02 7.099600219726559658e+01 5.453853333333332117e-03
6.998697916670000574e-02 7.098950195312500000e+01 7.192330000000000251e-03
1.100158691406000061e-01 7.098349761962890625e+01 8.503656666666666378e-03
1.533508300780999922e-01 7.097699737548829546e+01 8.712260000000001184e-03
1.933288574219000078e-01 7.097100067138670454e+01 7.033376666666667221e-03
2.333577473958000081e-01 7.096499633789059658e+01 5.215433333333334247e-03
2.733357747396000237e-01 7.095899963378910513e+01 4.202153333333333296e-03
3.133138020833000081e-01 7.095300292968750000e+01 4.847876666666667278e-03
3.566487630208000081e-01 7.094650268554690342e+01 7.083046666666666276e-03
3.966776529948000118e-01 7.094049835205079546e+01 8.175830000000000250e-03
4.366556803384999963e-01 7.093450164794920454e+01 7.430763333333333109e-03
4.766845703125000000e-01 7.092849731445309658e+01 6.298256666666665789e-03
5.200195312500000000e-01 7.092199707031250000e+01 5.543260000000000375e-03
5.599975585937000400e-01 7.091600036621089487e+01 6.218780000000000141e-03
6.033325195312000400e-01 7.090950012207029829e+01 7.102923333333333727e-03
6.433105468750000000e-01 7.090350341796869316e+01 8.106280000000000430e-03
6.833394368490000037e-01 7.089749908447269888e+01 8.225500000000000173e-03
7.233174641927000437e-01 7.089150238037109375e+01 7.937410000000000646e-03
7.633463541667000474e-01 7.088549804687500000e+01 7.162519999999999477e-03
8.033243815103999763e-01 7.087950134277339487e+01 7.251936666666666809e-03
8.466593424478999763e-01 7.087300109863279829e+01 8.732139999999999347e-03
8.866882324218999800e-01 7.086699676513670454e+01 9.417576666666668470e-03
9.266662597656000200e-01 7.086100006103519888e+01 9.159303333333333741e-03
9.700012207031000200e-01 7.085449981689450283e+01 8.473853333333333099e-03
1.009979248046900091e+00 7.084850311279299717e+01 7.847993333333334182e-03
1.050008138020799953e+00 7.084249877929690342e+01 8.086420000000000413e-03
1.089986165364599913e+00 7.083650207519529829e+01 9.109633333333333818e-03
1.130015055338499996e+00 7.083049774169920454e+01 9.348049999999998375e-03
1.173350016275999996e+00 7.082399749755859375e+01 8.593060000000001322e-03
1.213328043619799956e+00 7.081800079345700283e+01 7.887736666666667409e-03
1.253356933593700040e+00 7.081199645996089487e+01 7.281739999999999220e-03
1.296691894531200040e+00 7.080549621582029829e+01 7.152593333333334517e-03
1.336669921875000000e+00 7.079949951171869316e+01 8.483786666666666421e-03
1.376647949218700040e+00 7.079350280761720171e+01 9.020230000000000609e-03
1.419982910156200040e+00 7.078700256347660513e+01 8.632796666666666188e-03
1.460011800130200044e+00 7.078099822998049717e+01 7.957276666666667289e-03
1.503346761067700044e+00 7.077449798583980112e+01 7.470490000000000637e-03
1.540018717447900087e+00 7.076899719238279829e+01 7.510223333333333057e-03
1.583353678385400087e+00 7.076249694824220171e+01 7.987070000000000627e-03
1.623331705729200047e+00 7.075650024414059658e+01 8.036740000000000550e-03
1.663309733072900087e+00 7.075050354003910513e+01 8.394379999999999897e-03
1.703338623046900091e+00 7.074449920654299717e+01 7.867863333333334139e-03
1.743316650390599909e+00 7.073850250244140625e+01 7.212213333333332595e-03
1.786651611328099909e+00 7.073200225830079546e+01 7.917533333333332327e-03
1.826680501302099913e+00 7.072599792480470171e+01 8.950686666666665681e-03
1.870015462239599913e+00 7.071949768066410513e+01 9.447406666666666522e-03
1.909993489583299953e+00 7.071350097656250000e+01 8.493719999999998008e-03
1.950022379557299956e+00 7.070749664306640625e+01 7.410883333333333212e-03
1.990000406900999996e+00 7.070149993896480112e+01 6.934036666666666508e-03
2.029978434244799956e+00 7.069550323486329546e+01 7.391013333333334122e-03
2.070007324218699818e+00 7.068949890136720171e+01 8.295036666666666739e-03
2.113342285156199818e+00 7.068299865722660513e+01 8.950673333333332427e-03
2.153320312500000000e+00 7.067700195312500000e+01 8.791726666666666024e-03
2.193349202473999782e+00 7.067099761962890625e+01 8.155950000000000352e-03
2.236684163411499782e+00 7.066449737548829546e+01 7.977136666666667306e-03
2.276662190755200044e+00 7.065850067138670454e+01 8.652663333333332832e-03
2.316691080729199825e+00 7.065249633789059658e+01 9.357986666666665010e-03
2.356669108072900087e+00 7.064649963378910513e+01 9.546749999999999681e-03
2.400004069010400087e+00 7.063999938964839487e+01 8.930809999999999096e-03
2.439982096354199825e+00 7.063400268554690342e+01 7.937399999999998970e-03
2.480010986328100131e+00 7.062799835205079546e+01 7.540023333333333022e-03
2.519989013671899869e+00 7.062200164794920454e+01 7.828123333333334224e-03
2.563323974609399869e+00 7.061550140380859375e+01 8.692403333333334481e-03
2.603352864583300175e+00 7.060949707031250000e+01 9.099686666666665508e-03
2.643330891927099913e+00 7.060350036621089487e+01 8.513586666666668121e-03
2.686665852864599913e+00 7.059700012207029829e+01 7.679113333333334457e-03
2.726643880208300175e+00 7.059100341796869316e+01 7.987069999999998893e-03
2.766672770182299956e+00 7.058499908447269888e+01 8.434113333333333185e-03
2.806650797526000218e+00 7.057900238037109375e+01 8.543389999999999665e-03
2.846679687500000000e+00 7.057299804687500000e+01 9.040096666666665517e-03
2.890014648437500000e+00 7.056649780273440342e+01 8.861279999999999157e-03
2.929992675781199818e+00 7.056050109863279829e+01 8.523523333333333021e-03
2.970021565755200044e+00 7.055449676513670454e+01 8.255303333333333451e-03
3.013356526692700044e+00 7.054799652099609375e+01 8.602993333333334644e-03
3.053334554036499782e+00 7.054199981689450283e+01 8.682466666666667846e-03
3.093312581380200044e+00 7.053600311279299717e+01 8.781809999999999269e-03
3.133341471354199825e+00 7.052999877929690342e+01 8.285103333333333417e-03
3.176676432291699825e+00 7.052349853515619316e+01 7.490346666666665605e-03
3.216654459635400087e+00 7.051750183105470171e+01 7.490356666666666413e-03
3.256683349609399869e+00 7.051149749755859375e+01 8.404313333333333219e-03
3.296661376953100131e+00 7.050550079345700283e+01 9.785139999999999463e-03
3.336690266927099913e+00 7.049949645996089487e+01 9.357986666666666745e-03
3.380025227864599913e+00 7.049299621582029829e+01 9.427513333333333370e-03
3.420003255208300175e+00 7.048699951171869316e+01 8.761940000000001047e-03
3.459981282552099913e+00 7.048100280761720171e+01 8.593059999999999587e-03
3.503316243489599913e+00 7.047450256347660513e+01 8.801676666666667648e-03
3.543345133463500218e+00 7.046849822998049717e+01 9.228853333333333561e-03
3.583323160807299956e+00 7.046250152587890625e+01 9.477196666666666547e-03
3.626658121744799956e+00 7.045600128173829546e+01 8.990426666666667330e-03
3.666687011718699818e+00 7.044999694824220171e+01 8.553326666666666300e-03
3.706665039062500000e+00 7.044400024414059658e+01 8.364580000000001667e-03
3.746643066406199818e+00 7.043800354003910513e+01 8.533456666666666343e-03
3.786671956380200044e+00 7.043199920654299717e+01 9.010293333333333973e-03
3.830006917317700044e+00 7.042549896240230112e+01 8.891083333333332436e-03
3.869984944661499782e+00 7.041950225830079546e+01 8.374509999999999940e-03
3.910013834635400087e+00 7.041349792480470171e+01 8.066543333333333829e-03
3.949991861979199825e+00 7.040750122070309658e+01 7.679103333333332781e-03
3.993326822916699825e+00 7.040100097656250000e+01 8.295036666666666739e-03
4.033355712890600131e+00 7.039499664306640625e+01 9.030163333333332196e-03
4.073333740234399869e+00 7.038899993896480112e+01 9.248710000000000264e-03
4.116668701171899869e+00 7.038249969482420454e+01 8.612929999999999545e-03
4.156646728515600131e+00 7.037650299072269888e+01 8.235423333333333554e-03
4.196675618489599913e+00 7.037049865722660513e+01 8.175820000000000309e-03
4.240010579427099913e+00 7.036399841308589487e+01 8.444049999999999820e-03
4.279988606770800175e+00 7.035800170898440342e+01 8.722203333333332712e-03
4.320017496744799956e+00 7.035199737548829546e+01 8.950693333333334042e-03
4.363352457682299956e+00 7.034549713134769888e+01 8.394383333333333211e-03
4.403330485026000218e+00 7.033950042724609375e+01 7.927466666666665648e-03
4.443308512369799956e+00 7.033350372314450283e+01 7.977139999999998884e-03
4.483337402343700262e+00 7.032749938964839487e+01 8.155950000000000352e-03
4.523315429687500000e+00 7.032150268554690342e+01 8.424180000000001597e-03
4.566650390625000000e+00 7.031500244140619316e+01 8.563260000000001357e-03
4.606679280598999782e+00 7.030899810791019888e+01 8.036743333333332129e-03
4.646657307942700044e+00 7.030300140380859375e+01 8.155950000000000352e-03
4.686686197916699825e+00 7.029699707031250000e+01 8.146026666666666971e-03
4.730021158854199825e+00 7.029049682617190342e+01 8.314906666666666696e-03
4.769999186197900087e+00 7.028450012207029829e+01 9.030160000000000617e-03
4.809977213541699825e+00 7.027850341796869316e+01 8.881149999999999115e-03
4.853312174479199825e+00 7.027200317382809658e+01 8.463906666666666523e-03
4.893341064453100131e+00 7.026599884033200283e+01 8.026800000000000601e-03
4.933319091796899869e+00 7.026000213623049717e+01 8.046676666666667185e-03
4.973347981770800175e+00 7.025399780273440342e+01 8.295026666666665063e-03
5.013326009114599913e+00 7.024800109863279829e+01 8.732139999999999347e-03
5.056660970052099913e+00 7.024150085449220171e+01 8.801679999999999227e-03
5.096689860026000218e+00 7.023549652099609375e+01 8.404313333333334954e-03
5.136667887369799956e+00 7.022949981689450283e+01 8.086420000000000413e-03
5.176645914713500218e+00 7.022350311279299717e+01 8.175820000000000309e-03
5.219980875651000218e+00 7.021700286865230112e+01 8.374509999999999940e-03
5.260009765625000000e+00 7.021099853515619316e+01 8.861279999999999157e-03
5.299987792968700262e+00 7.020500183105470171e+01 8.602986666666666282e-03
5.343322753906200262e+00 7.019850158691410513e+01 8.642730000000001245e-03
5.383351643880200044e+00 7.019249725341799717e+01 8.076486666666667091e-03
5.423329671223999782e+00 7.018650054931640625e+01 7.331410000000000010e-03
5.466664632161499782e+00 7.018000030517579546e+01 7.669180000000000268e-03
5.506642659505200044e+00 7.017400360107420454e+01 8.324840000000000018e-03
5.546671549479199825e+00 7.016799926757809658e+01 8.573193333333332944e-03
5.586649576822900087e+00 7.016200256347660513e+01 8.324840000000001752e-03
5.626678466796899869e+00 7.015599822998049717e+01 7.907610000000000680e-03
5.670013427734399869e+00 7.014949798583980112e+01 7.629433333333333726e-03
5.709991455078100131e+00 7.014350128173829546e+01 7.867863333333334139e-03
5.753326416015600131e+00 7.013700103759769888e+01 8.304973333333333374e-03
5.789998372395800175e+00 7.013150024414059658e+01 8.344696666666664986e-03
5.833333333333300175e+00 7.012500000000000000e+01 7.569836666666667109e-03
5.873311360677099913e+00 7.011900329589839487e+01 7.500289999999999735e-03
5.913340250651000218e+00 7.011299896240230112e+01 7.420816666666667401e-03
5.953318277994799956e+00 7.010700225830079546e+01 7.738706666666666893e-03
5.996653238932299956e+00 7.010050201416019888e+01 8.434113333333333185e-03
6.036682128906200262e+00 7.009449768066410513e+01 8.245366666666668551e-03
6.076660156250000000e+00 7.008850097656250000e+01 8.205633333333333529e-03
6.116689046223999782e+00 7.008249664306640625e+01 7.897673333333334045e-03
6.160024007161499782e+00 7.007599639892579546e+01 7.470486666666667323e-03
6.200002034505200044e+00 7.006999969482420454e+01 7.708916666666666868e-03
6.239980061848999782e+00 7.006400299072269888e+01 7.698973333333333606e-03
6.280008951822900087e+00 7.005799865722660513e+01 7.510223333333333924e-03
6.323343912760400087e+00 7.005149841308589487e+01 7.867873333333334079e-03
6.363321940104199825e+00 7.004550170898440342e+01 8.096356666666667048e-03
6.403350830078100131e+00 7.003949737548829546e+01 7.907599999999999005e-03
6.443328857421899869e+00 7.003350067138670454e+01 7.987080000000000568e-03
6.486663818359399869e+00 7.002700042724609375e+01 8.513586666666666386e-03
6.526641845703100131e+00 7.002100372314450283e+01 8.185763333333333572e-03
6.566670735677099913e+00 7.001499938964839487e+01 8.106290000000000370e-03
6.610005696614599913e+00 7.000849914550779829e+01 7.838060000000000860e-03
6.649983723958300175e+00 7.000250244140619316e+01 7.331410000000000010e-03
6.690012613932299956e+00 6.999649810791019888e+01 7.679113333333333589e-03
6.729990641276000218e+00 6.999050140380859375e+01 8.563256666666666309e-03
6.773325602213500218e+00 6.998400115966799717e+01 8.295040000000000052e-03
6.813354492187500000e+00 6.997799682617190342e+01 7.937413333333332224e-03
6.853332519531200262e+00 6.997200012207029829e+01 7.261859999999999322e-03
6.896667480468700262e+00 6.996549987792970171e+01 7.053246666666666310e-03
6.936645507812500000e+00 6.995950317382809658e+01 7.549963333333332971e-03
6.976674397786499782e+00 6.995349884033200283e+01 7.997013333333332155e-03
7.016652425130200044e+00 6.994750213623049717e+01 7.957280000000000603e-03
7.059987386067700044e+00 6.994100189208980112e+01 7.977136666666667306e-03
7.100016276041699825e+00 6.993499755859369316e+01 8.364576666666666618e-03
7.139994303385400087e+00 6.992900085449220171e+01 8.056620000000000448e-03
7.180023193359399869e+00 6.992299652099609375e+01 8.046686666666665391e-03
7.220001220703100131e+00 6.991699981689450283e+01 8.424180000000001597e-03
7.263336181640600131e+00 6.991049957275390625e+01 8.493723333333333056e-03
7.303314208984399869e+00 6.990450286865230112e+01 7.987083333333333882e-03
7.343343098958300175e+00 6.989849853515619316e+01 7.619510000000000345e-03
7.386678059895800175e+00 6.989199829101559658e+01 7.520156666666666379e-03
7.426656087239599913e+00 6.988600158691410513e+01 8.106290000000000370e-03
7.466684977213500218e+00 6.987999725341799717e+01 8.354633333333333356e-03
7.510019938151000218e+00 6.987349700927730112e+01 8.165886666666666988e-03
7.549997965494799956e+00 6.986750030517579546e+01 7.947343333333333967e-03
7.589975992838500218e+00 6.986150360107420454e+01 7.410883333333333212e-03
7.630004882812500000e+00 6.985549926757809658e+01 7.639366666666667048e-03
7.673339843750000000e+00 6.984899902343750000e+01 7.609563333333332902e-03
7.713317871093700262e+00 6.984300231933589487e+01 7.808260000000000027e-03
7.753346761067700044e+00 6.983699798583980112e+01 8.036753333333333804e-03
7.796681722005200044e+00 6.983049774169920454e+01 7.520156666666666379e-03
7.833353678385400087e+00 6.982499694824220171e+01 7.102916666666667100e-03
7.876688639322900087e+00 6.981849670410160513e+01 7.003576666666666388e-03
7.916666666666699825e+00 6.981250000000000000e+01 7.182396666666666929e-03
7.956644694010400087e+00 6.980650329589839487e+01 7.172466666666666053e-03
7.999979654947900087e+00 6.980000305175779829e+01 7.400946666666667444e-03
8.040008544921899869e+00 6.979399871826170454e+01 7.728793333333333453e-03
8.079986572265600131e+00 6.978800201416019888e+01 7.649313333333333624e-03
8.123321533203100131e+00 6.978150177001950283e+01 7.718850000000000190e-03
8.159993489583300175e+00 6.977600097656250000e+01 7.947333333333334027e-03
8.203328450520800175e+00 6.976950073242190342e+01 7.778453333333333435e-03
8.243357340494799956e+00 6.976349639892579546e+01 7.818179999999999227e-03
8.283335367838500218e+00 6.975749969482420454e+01 7.589706666666667066e-03
8.326670328776000218e+00 6.975099945068359375e+01 7.182400000000001110e-03
8.366648356119799956e+00 6.974500274658200283e+01 6.983703333333333985e-03
8.406677246093700262e+00 6.973899841308589487e+01 7.331399999999999202e-03
8.446655273437500000e+00 6.973300170898440342e+01 7.500286666666667289e-03
8.489990234375000000e+00 6.972650146484369316e+01 7.639376666666666989e-03
8.530019124348999782e+00 6.972049713134769888e+01 7.450620000000000680e-03
8.569997151692700044e+00 6.971450042724609375e+01 7.599640000000000388e-03
8.609975179036499782e+00 6.970850372314450283e+01 7.450616666666666499e-03
8.653310139973999782e+00 6.970200347900390625e+01 7.261873333333332577e-03
8.693339029947900087e+00 6.969599914550779829e+01 7.669180000000000268e-03
8.733317057291699825e+00 6.969000244140619316e+01 8.106290000000000370e-03
8.773345947265600131e+00 6.968399810791019888e+01 7.768513333333333486e-03
8.816680908203100131e+00 6.967749786376950283e+01 7.033376666666666353e-03
8.856658935546899869e+00 6.967150115966799717e+01 6.904233333333333229e-03
8.896687825520800175e+00 6.966549682617190342e+01 7.251936666666666809e-03
8.936665852864599913e+00 6.965950012207029829e+01 7.897663333333334104e-03
8.980000813802099913e+00 6.965299987792970171e+01 8.155963333333333606e-03
9.019978841145800175e+00 6.964700317382809658e+01 7.559893333333333847e-03
9.060007731119799956e+00 6.964099884033200283e+01 7.232059999999999357e-03
9.103342692057299956e+00 6.963449859619140625e+01 7.460550000000000688e-03
9.143320719401000218e+00 6.962850189208980112e+01 7.192323333333333624e-03
9.183349609375000000e+00 6.962249755859369316e+01 7.361209999999999976e-03
9.223327636718700262e+00 6.961650085449220171e+01 7.877796666666667461e-03
9.266662597656200262e+00 6.961000061035160513e+01 7.530103333333333822e-03
9.306691487630200044e+00 6.960399627685549717e+01 7.311540000000000920e-03
9.346669514973999782e+00 6.959799957275390625e+01 7.490366666666668088e-03
9.390004475911499782e+00 6.959149932861329546e+01 7.778456666666666748e-03
9.429982503255200044e+00 6.958550262451170454e+01 7.351276666666666654e-03
9.470011393229199825e+00 6.957949829101559658e+01 7.559896666666667160e-03
9.509989420572900087e+00 6.957350158691410513e+01 7.341353333333334140e-03
9.550018310546899869e+00 6.956749725341799717e+01 7.092979999999999598e-03
9.593353271484399869e+00 6.956099700927730112e+01 6.606210000000000380e-03
9.633331298828100131e+00 6.955500030517579546e+01 6.963839999999999787e-03
9.676666259765600131e+00 6.954850006103519888e+01 7.599630000000000447e-03
9.716644287109399869e+00 6.954250335693359375e+01 8.006939999999998850e-03
9.756673177083300175e+00 6.953649902343750000e+01 7.997003333333333949e-03
9.796651204427099913e+00 6.953050231933589487e+01 7.828116666666667597e-03
9.839986165364599913e+00 6.952400207519529829e+01 7.500286666666667289e-03
9.876658121744799956e+00 6.951850128173829546e+01 7.857929999999999082e-03
9.919993082682299956e+00 6.951200103759769888e+01 7.629429999999999545e-03
9.960021972656200262e+00 6.950599670410160513e+01 7.808256666666665846e-03
1.000335693359370026e+01 6.949949645996089487e+01 7.192333333333332697e-03
1.004333496093750000e+01 6.949349975585940342e+01 6.794970000000000003e-03
1.008331298828120026e+01 6.948750305175779829e+01 6.983706666666666431e-03
1.012334187825520004e+01 6.948149871826170454e+01 7.212199999999999341e-03
1.016331990559899978e+01 6.947550201416019888e+01 7.301620000000000853e-03
1.020665486653649978e+01 6.946900177001950283e+01 7.430749999999999855e-03
1.024668375651040009e+01 6.946299743652339487e+01 7.112849999999999555e-03
1.028666178385419983e+01 6.945700073242190342e+01 6.934046666666666449e-03
1.032999674479169983e+01 6.945050048828119316e+01 7.112849999999999555e-03
1.036997477213540009e+01 6.944450378417970171e+01 7.152599999999999410e-03
1.041000366210939987e+01 6.943849945068359375e+01 7.659246666666667813e-03
1.044998168945310013e+01 6.943250274658200283e+01 7.698980000000001100e-03
1.049001057942709991e+01 6.942649841308589487e+01 7.420826666666667341e-03
1.053334554036459991e+01 6.941999816894529829e+01 7.639376666666666989e-03
1.057332356770830017e+01 6.941400146484369316e+01 7.460556666666666448e-03
1.061335245768229996e+01 6.940799713134769888e+01 7.440686666666665623e-03
1.065333048502600022e+01 6.940200042724609375e+01 7.708913333333333555e-03
1.069666544596350022e+01 6.939550018310549717e+01 7.867859999999999090e-03
1.073664347330729996e+01 6.938950347900390625e+01 7.092993333333334587e-03
1.077667236328120026e+01 6.938349914550779829e+01 7.043319999999999616e-03
1.082000732421870026e+01 6.937699890136720171e+01 7.112863333333333676e-03
1.085998535156250000e+01 6.937100219726559658e+01 7.271806666666667633e-03
1.090001424153649978e+01 6.936499786376950283e+01 7.689046666666666911e-03
1.094334920247399978e+01 6.935849761962890625e+01 7.341343333333333332e-03
1.098332722981770004e+01 6.935250091552730112e+01 7.251940000000000990e-03
1.102335611979169983e+01 6.934649658203119316e+01 7.559903333333332920e-03
1.106333414713540009e+01 6.934049987792970171e+01 6.765156666666666783e-03
1.110331217447919983e+01 6.933450317382809658e+01 6.934046666666666449e-03
1.114664713541669983e+01 6.932800292968750000e+01 7.152593333333334517e-03
1.118667602539060013e+01 6.932199859619140625e+01 7.351270000000000027e-03
1.122665405273439987e+01 6.931600189208980112e+01 7.212193333333334448e-03
1.126668294270830017e+01 6.930999755859369316e+01 6.745286666666666826e-03
1.131001790364580017e+01 6.930349731445309658e+01 7.013506666666666396e-03
1.134999593098959991e+01 6.929750061035160513e+01 7.192333333333332697e-03
1.139333089192709991e+01 6.929100036621089487e+01 7.341343333333333332e-03
1.143000284830729996e+01 6.928549957275390625e+01 7.222136666666666843e-03
1.147333780924479996e+01 6.927899932861329546e+01 7.182390000000000302e-03
1.151331583658850022e+01 6.927300262451170454e+01 6.993639999999999753e-03
1.155334472656250000e+01 6.926699829101559658e+01 6.526736666666667179e-03
1.159667968750000000e+01 6.926049804687500000e+01 7.242000000000001041e-03
1.163665771484370026e+01 6.925450134277339487e+01 7.391006666666667495e-03
1.167668660481770004e+01 6.924849700927730112e+01 7.132716666666666198e-03
1.172002156575520004e+01 6.924199676513670454e+01 7.162520000000001212e-03
1.175999959309899978e+01 6.923600006103519888e+01 7.291673333333334277e-03
1.179997762044270004e+01 6.923000335693359375e+01 7.083046666666666276e-03
1.184000651041669983e+01 6.922399902343750000e+01 7.152586666666666156e-03
1.188334147135419983e+01 6.921749877929690342e+01 7.689036666666666971e-03
1.192331949869790009e+01 6.921150207519529829e+01 7.520160000000000559e-03
1.196334838867189987e+01 6.920549774169920454e+01 7.132726666666666139e-03
1.200332641601560013e+01 6.919950103759769888e+01 7.222123333333333589e-03
1.204335530598959991e+01 6.919349670410160513e+01 7.559903333333333787e-03
1.208669026692709991e+01 6.918699645996089487e+01 7.520156666666666379e-03
1.212666829427080017e+01 6.918099975585940342e+01 7.877793333333332412e-03
1.216664632161459991e+01 6.917500305175779829e+01 7.877796666666667461e-03
1.220998128255209991e+01 6.916850280761720171e+01 7.321473333333334242e-03
1.225001017252600022e+01 6.916249847412109375e+01 7.242003333333333487e-03
1.228998819986979996e+01 6.915650177001950283e+01 7.251936666666666809e-03
1.233001708984370026e+01 6.915049743652339487e+01 7.738716666666666834e-03
1.236999511718750000e+01 6.914450073242190342e+01 7.738716666666665966e-03
1.241333007812500000e+01 6.913800048828119316e+01 7.639376666666666989e-03
1.245330810546870026e+01 6.913200378417970171e+01 7.549969999999999598e-03
1.249333699544270004e+01 6.912599945068359375e+01 6.606210000000000380e-03
1.253667195638020004e+01 6.911949920654299717e+01 7.003573333333333074e-03
1.257664998372399978e+01 6.911350250244140625e+01 7.520156666666666379e-03
1.261667887369790009e+01 6.910749816894529829e+01 7.778456666666666748e-03
1.266001383463540009e+01 6.910099792480470171e+01 7.669180000000000268e-03
1.269999186197919983e+01 6.909500122070309658e+01 7.847993333333334182e-03
1.274002075195310013e+01 6.908899688720700283e+01 7.400960000000000698e-03
1.277999877929689987e+01 6.908300018310549717e+01 7.689050000000000225e-03
1.282333374023439987e+01 6.907649993896480112e+01 7.321476666666666688e-03
1.286331176757810013e+01 6.907050323486329546e+01 7.480433333333334767e-03
1.290334065755209991e+01 6.906449890136720171e+01 7.361213333333334156e-03
1.294331868489580017e+01 6.905850219726559658e+01 7.251936666666666809e-03
1.298665364583330017e+01 6.905200195312500000e+01 7.341346666666667513e-03
1.302668253580729996e+01 6.904599761962890625e+01 7.549960000000000525e-03
1.306666056315100022e+01 6.904000091552730112e+01 7.420816666666666533e-03
1.310668945312500000e+01 6.903399658203119316e+01 7.162530000000000285e-03
1.314666748046870026e+01 6.902799987792970171e+01 7.510233333333333865e-03
1.318664550781250000e+01 6.902200317382809658e+01 7.470500000000000577e-03
1.322667439778649978e+01 6.901599884033200283e+01 7.400946666666665709e-03
1.327000935872399978e+01 6.900949859619140625e+01 7.500300000000000543e-03
1.331334431966149978e+01 6.900299835205079546e+01 7.430749999999999855e-03
1.335332234700520004e+01 6.899700164794920454e+01 7.540036666666666276e-03
1.338999430338540009e+01 6.899150085449220171e+01 7.857926666666665769e-03
1.343668619791669983e+01 6.898449707031250000e+01 7.867870000000000766e-03
1.348002115885419983e+01 6.897799682617190342e+01 7.321476666666666688e-03
1.351333618164060013e+01 6.897299957275390625e+01 7.331410000000000010e-03
1.355667114257810013e+01 6.896649932861329546e+01 7.043313333333332989e-03
1.360000610351560013e+01 6.895999908447269888e+01 7.351276666666666654e-03
1.363998413085939987e+01 6.895400238037109375e+01 7.063186666666666259e-03
1.368001302083330017e+01 6.894799804687500000e+01 7.311543333333333367e-03
1.371999104817709991e+01 6.894200134277339487e+01 7.092990000000000406e-03
1.376001993815100022e+01 6.893599700927730112e+01 7.102916666666667100e-03
1.380335489908850022e+01 6.892949676513670454e+01 7.182393333333332748e-03
1.384333292643229996e+01 6.892350006103519888e+01 7.281743333333333401e-03
1.388331095377600022e+01 6.891750335693359375e+01 6.844639999999999926e-03
1.392333984375000000e+01 6.891149902343750000e+01 7.043323333333333797e-03
1.396667480468750000e+01 6.890499877929690342e+01 7.232066666666665984e-03
1.400665283203120026e+01 6.889900207519529829e+01 7.132726666666667874e-03
1.404668172200520004e+01 6.889299774169920454e+01 7.192323333333333624e-03
1.408665974934899978e+01 6.888700103759769888e+01 6.626076666666667024e-03
1.412999471028649978e+01 6.888050079345700283e+01 6.884363333333333272e-03
1.417002360026040009e+01 6.887449645996089487e+01 6.973783333333333917e-03
1.421000162760419983e+01 6.886849975585940342e+01 6.725430000000000123e-03
1.425333658854169983e+01 6.886199951171869316e+01 6.665816666666666938e-03
1.429331461588540009e+01 6.885600280761720171e+01 6.357856666666665720e-03
1.433334350585939987e+01 6.884999847412109375e+01 6.308186666666666664e-03
1.437667846679689987e+01 6.884349822998049717e+01 6.208846666666666819e-03
1.441665649414060013e+01 6.883750152587890625e+01 6.655883333333333617e-03
1.445668538411459991e+01 6.883149719238279829e+01 6.228713333333333463e-03
1.449666341145830017e+01 6.882550048828119316e+01 6.328056666666667489e-03
1.453664143880209991e+01 6.881950378417970171e+01 6.586339999999999556e-03
1.457997639973959991e+01 6.881300354003910513e+01 7.043313333333332989e-03
1.462000528971350022e+01 6.880699920654299717e+01 6.993639999999999753e-03
1.465998331705729996e+01 6.880100250244140625e+01 7.261870000000000130e-03
1.470001220703120026e+01 6.879499816894529829e+01 6.626079999999999470e-03
1.474334716796870026e+01 6.878849792480470171e+01 6.864496666666666629e-03
1.478332519531250000e+01 6.878250122070309658e+01 6.874433333333333264e-03
1.482335408528649978e+01 6.877649688720700283e+01 6.765156666666666783e-03
1.486333211263020004e+01 6.877050018310549717e+01 7.142663333333333642e-03
1.490666707356770004e+01 6.876399993896480112e+01 6.814830000000000020e-03
1.494664510091149978e+01 6.875800323486329546e+01 6.804893333333333384e-03
1.498667399088540009e+01 6.875199890136720171e+01 7.063176666666667186e-03
1.503000895182290009e+01 6.874549865722660513e+01 7.470486666666665589e-03
1.506998697916669983e+01 6.873950195312500000e+01 7.500289999999999735e-03
1.511001586914060013e+01 6.873349761962890625e+01 6.844639999999999926e-03
1.515335083007810013e+01 6.872699737548829546e+01 6.705553333333333539e-03
1.519332885742189987e+01 6.872100067138670454e+01 7.152596666666666964e-03
1.523335774739580017e+01 6.871499633789059658e+01 7.500289999999999735e-03
1.527333577473959991e+01 6.870899963378910513e+01 7.222126666666666035e-03
1.531667073567709991e+01 6.870249938964839487e+01 7.242003333333332619e-03
1.535664876302080017e+01 6.869650268554690342e+01 7.371146666666667478e-03
1.539667765299479996e+01 6.869049835205079546e+01 7.152606666666667772e-03
1.544001261393229996e+01 6.868399810791019888e+01 6.993653333333333007e-03
1.547668457031250000e+01 6.867849731445309658e+01 6.785033333333333368e-03
1.552001953125000000e+01 6.867199707031250000e+01 6.695630000000000158e-03
1.555999755859370026e+01 6.866600036621089487e+01 7.013510000000000577e-03
1.560333251953120026e+01 6.865950012207029829e+01 6.854563333333333307e-03
1.564331054687500000e+01 6.865350341796869316e+01 7.112853333333332868e-03
1.568333943684899978e+01 6.864749908447269888e+01 6.963839999999999787e-03
1.572331746419270004e+01 6.864150238037109375e+01 6.636013333333333659e-03
1.576334635416669983e+01 6.863549804687500000e+01 6.496936666666667214e-03
1.580668131510419983e+01 6.862899780273440342e+01 7.033376666666667221e-03
1.584665934244790009e+01 6.862300109863279829e+01 7.033386666666666294e-03
1.588668823242189987e+01 6.861699676513670454e+01 6.864506666666665702e-03
1.592666625976560013e+01 6.861100006103519888e+01 6.715486666666665994e-03
1.596664428710939987e+01 6.860500335693359375e+01 6.606210000000000380e-03
1.600667317708330017e+01 6.859899902343750000e+01 6.496936666666665479e-03
1.605000813802080017e+01 6.859249877929690342e+01 6.884366666666666586e-03
1.608998616536459991e+01 6.858650207519529829e+01 7.212190000000000267e-03
1.613332112630209991e+01 6.858000183105470171e+01 7.013510000000000577e-03
1.617335001627600022e+01 6.857399749755859375e+01 6.655879999999999436e-03
1.621332804361979996e+01 6.856800079345700283e+01 6.685683333333333582e-03
1.625335693359370026e+01 6.856199645996089487e+01 6.854563333333333307e-03
1.629333496093750000e+01 6.855599975585940342e+01 6.745286666666666826e-03
1.633666992187500000e+01 6.854949951171869316e+01 6.973773333333333109e-03
1.638000488281250000e+01 6.854299926757809658e+01 7.261863333333333503e-03
1.641667683919270004e+01 6.853749847412109375e+01 6.755219999999999281e-03
1.646001180013020004e+01 6.853099822998049717e+01 6.119436666666666115e-03
1.649998982747399978e+01 6.852500152587890625e+01 6.099569999999999471e-03
1.654001871744790009e+01 6.851899719238279829e+01 6.765156666666666783e-03
1.657999674479169983e+01 6.851300048828119316e+01 7.073123333333333762e-03
1.662333170572919983e+01 6.850650024414059658e+01 7.122796666666666998e-03
1.666330973307290009e+01 6.850050354003910513e+01 7.202256666666666945e-03
1.670333862304689987e+01 6.849449920654299717e+01 7.162530000000000285e-03
1.674667358398439987e+01 6.848799896240230112e+01 7.063189999999999573e-03
1.678665161132810013e+01 6.848200225830079546e+01 7.192333333333332697e-03
1.682668050130209991e+01 6.847599792480470171e+01 7.500290000000000602e-03
1.686665852864580017e+01 6.847000122070309658e+01 7.420813333333334087e-03
1.690668741861979996e+01 6.846399688720700283e+01 7.172463333333333607e-03
1.695002237955729996e+01 6.845749664306640625e+01 6.566473333333333780e-03
1.699000040690100022e+01 6.845149993896480112e+01 6.844636666666667479e-03
1.702997843424479996e+01 6.844550323486329546e+01 6.943969999999999830e-03
1.707331339518229996e+01 6.843900299072269888e+01 6.665816666666666938e-03
1.711334228515620026e+01 6.843299865722660513e+01 6.357856666666667454e-03
1.715332031250000000e+01 6.842700195312500000e+01 5.920760000000000606e-03
1.719665527343750000e+01 6.842050170898440342e+01 6.198913333333333497e-03
1.723668416341149978e+01 6.841449737548829546e+01 6.377730000000000725e-03
1.727666219075520004e+01 6.840850067138670454e+01 6.953903333333334019e-03
1.731669108072919983e+01 6.840249633789059658e+01 7.112859999999999495e-03
1.735997517903649978e+01 6.839600372314450283e+01 7.102913333333332919e-03
1.740000406901040009e+01 6.838999938964839487e+01 7.192330000000000251e-03
1.743998209635419983e+01 6.838400268554690342e+01 7.092993333333332852e-03
1.748331705729169983e+01 6.837750244140619316e+01 7.341356666666666586e-03
1.752334594726560013e+01 6.837149810791019888e+01 6.894299999999999908e-03
1.756332397460939987e+01 6.836550140380859375e+01 7.192333333333332697e-03
1.760335286458330017e+01 6.835949707031250000e+01 7.540026666666667203e-03
1.764333089192709991e+01 6.835350036621089487e+01 7.549960000000000525e-03
1.768330891927080017e+01 6.834750366210940342e+01 7.341343333333333332e-03
1.772664388020830017e+01 6.834100341796869316e+01 7.480433333333333899e-03
1.776667277018229996e+01 6.833499908447269888e+01 7.271806666666667633e-03
1.780665079752600022e+01 6.832900238037109375e+01 6.884363333333333272e-03
1.784998575846350022e+01 6.832250213623049717e+01 7.152596666666666964e-03
1.789001464843750000e+01 6.831649780273440342e+01 7.073123333333333762e-03
1.793334960937500000e+01 6.830999755859369316e+01 6.745299999999999213e-03
1.797002156575520004e+01 6.830449676513670454e+01 6.814830000000000020e-03
1.801335652669270004e+01 6.829799652099609375e+01 7.102916666666667100e-03
1.805333455403649978e+01 6.829199981689450283e+01 7.102916666666667100e-03
1.809666951497399978e+01 6.828549957275390625e+01 6.735353333333332637e-03
1.813664754231770004e+01 6.827950286865230112e+01 6.824760000000000028e-03
1.817667643229169983e+01 6.827349853515619316e+01 6.735363333333333445e-03
1.821665445963540009e+01 6.826750183105470171e+01 6.049899999999999549e-03
1.825668334960939987e+01 6.826149749755859375e+01 6.347933333333333206e-03
1.829666137695310013e+01 6.825550079345700283e+01 6.914179999999999805e-03
1.833669026692709991e+01 6.824949645996089487e+01 7.192333333333334432e-03
1.838002522786459991e+01 6.824299621582029829e+01 7.033386666666666294e-03
1.842000325520830017e+01 6.823699951171869316e+01 6.963846666666666414e-03
1.845998128255209991e+01 6.823100280761720171e+01 6.576410000000000415e-03
1.850331624348959991e+01 6.822450256347660513e+01 6.586343333333333737e-03
1.854334513346350022e+01 6.821849822998049717e+01 6.427396666666665599e-03
1.858332316080729996e+01 6.821250152587890625e+01 6.367790000000000776e-03
1.862335205078120026e+01 6.820649719238279829e+01 6.129373333333333618e-03
1.866668701171870026e+01 6.819999694824220171e+01 5.712140000000000099e-03
1.870666503906250000e+01 6.819400024414059658e+01 6.169106666666666905e-03
1.874664306640620026e+01 6.818800354003910513e+01 6.467130000000000621e-03
1.878997802734370026e+01 6.818150329589839487e+01 6.745290000000000140e-03
1.883000691731770004e+01 6.817549896240230112e+01 6.665813333333332757e-03
1.886998494466149978e+01 6.816950225830079546e+01 6.725416666666666869e-03
1.891001383463540009e+01 6.816349792480470171e+01 6.675750000000000260e-03
1.894999186197919983e+01 6.815750122070309658e+01 6.596280000000000372e-03
1.899332682291669983e+01 6.815100097656250000e+01 6.626079999999999470e-03
1.903666178385419983e+01 6.814450073242190342e+01 6.775090000000000105e-03
1.907669067382810013e+01 6.813849639892579546e+01 7.053256666666666251e-03
1.911666870117189987e+01 6.813249969482420454e+01 6.745286666666666826e-03
1.915664672851560013e+01 6.812650299072269888e+01 6.457199999999999745e-03
1.919667561848959991e+01 6.812049865722660513e+01 6.308186666666666664e-03
1.923665364583330017e+01 6.811450195312500000e+01 6.427393333333333153e-03
1.927998860677080017e+01 6.810800170898440342e+01 6.596276666666667059e-03
1.932001749674479996e+01 6.810199737548829546e+01 6.546606666666666269e-03
1.935999552408850022e+01 6.809600067138670454e+01 6.645950000000000295e-03
1.940002441406250000e+01 6.808999633789059658e+01 7.043313333333332989e-03
1.944330851236979996e+01 6.808350372314450283e+01 6.685680000000000268e-03
1.948333740234370026e+01 6.807749938964839487e+01 6.159173333333333583e-03
1.952331542968750000e+01 6.807150268554690342e+01 5.940626666666667249e-03
1.956665039062500000e+01 6.806500244140619316e+01 6.149240000000000261e-03
1.960667928059899978e+01 6.805899810791019888e+01 6.606210000000000380e-03
1.964665730794270004e+01 6.805300140380859375e+01 6.397593333333333188e-03
1.968668619791669983e+01 6.804699707031250000e+01 5.801546666666666623e-03
1.972666422526040009e+01 6.804100036621089487e+01 6.030033333333332905e-03
1.976999918619790009e+01 6.803450012207029829e+01 6.586343333333333737e-03
1.980997721354169983e+01 6.802850341796869316e+01 6.626079999999999470e-03
1.985331217447919983e+01 6.802200317382809658e+01 6.755223333333333462e-03
1.989334106445310013e+01 6.801599884033200283e+01 6.655880000000000303e-03
1.993331909179689987e+01 6.801000213623049717e+01 6.864506666666666569e-03
1.997334798177080017e+01 6.800399780273440342e+01 6.745290000000001007e-03
2.000335693359370026e+01 6.799949645996089487e+01 6.337989999999999076e-03
