-2.6666768391927         71.4000015258789         0.0010132900000
-2.6266479492187         71.3939971923828         0.0014901200000
-2.5866699218750         71.3880004882812         0.0010132900000
-2.5466918945312         71.3820037841797         0.0005960500000
-2.5066630045573         71.3759994506836         0.0005960500000
-2.4633280436198         71.3694992065430         0.0004768410000
-2.4233500162760         71.3635025024414         0.0003874320000
-2.3833211263021         71.3574981689453         0.0002384200000
-2.3399861653646         71.3509979248047         0.0007152590000
-2.3000081380208         71.3450012207031         0.0006556550000
-2.2599792480469         71.3389968872070         0.0008046660000
-2.2200012207031         71.3330001831055         0.0013411100000
-2.1766662597656         71.3264999389648         0.0009238760000
-2.1366882324219         71.3205032348633         -0.0000894074000
-2.0966593424479         71.3144989013672         0.0002682230000
-2.0566813151042         71.3085021972656         0.0006258520000
-2.0133463541667         71.3020019531250         0.0011623000000
-1.9733174641927         71.2959976196289         0.0005662480000
-1.9333394368490         71.2900009155273         0.0003278270000
-1.8900044759115         71.2835006713867         0.0005960500000
-1.8499755859375         71.2774963378906         0.0006258520000
-1.8099975585937         71.2714996337891         0.0006556550000
-1.7700195312500         71.2655029296875         0.0010132900000
-1.7299906412760         71.2594985961914         0.0017881500000
-1.6866556803385         71.2529983520508         0.0005960500000
-1.6466776529948         71.2470016479492         0.0005960500000
-1.6066487630208         71.2409973144531         0.0004470370000
-1.5666707356771         71.2350006103516         0.0015795300000
-1.5233357747396         71.2285003662109         0.0017285400000
-1.4833577473958         71.2225036621094         0.0017881500000
-1.4433288574219         71.2164993286133         0.0013709100000
-1.4033508300781         71.2105026245117         0.0005960500000
-1.3600158691406         71.2040023803711         0.0009536820000
-1.3166809082031         71.1975021362305         0.0012219000000
-1.2800089518229         71.1920013427734         0.0010430900000
-1.2366739908854         71.1855010986328         0.0008642710000
-1.1966451009115         71.1794967651367         0.0004470370000
-1.1566670735677         71.1735000610352         0.0007152590000
-1.1166890462240         71.1675033569336         0.0004768410000
-1.0733540852865         71.1610031127930         -0.0000596051000
-1.0333251953125         71.1549987792969         -0.0001788150000
-0.9899902343750         71.1484985351562         0.0003278270000
-0.9500122070312         71.1425018310547         0.0000596051000
-0.9099833170573         71.1364974975586         0.0004768410000
-0.8700052897135         71.1305007934570         0.0004172340000
-0.8299763997396         71.1244964599609         -0.0002086170000
-0.7866414388021         71.1179962158203         0.0000596051000
-0.7466634114583         71.1119995117187         0.0006258520000
-0.7033284505208         71.1054992675781         0.0006556550000
-0.6633504231771         71.0995025634766         0.0005662480000
-0.6233215332031         71.0934982299805         0.0004470370000
-0.5833435058594         71.0875015258789         0.0003278270000
-0.5433146158854         71.0814971923828         0.0004768410000
-0.4999796549479         71.0749969482422         0.0010132900000
-0.4600016276042         71.0690002441406         0.0005662480000
-0.4200236002604         71.0630035400391         -0.0003874320000
-0.3799947102865         71.0569992065430         -0.0005066430000
-0.3366597493490         71.0504989624023         0.0007450620000
-0.2966817220052         71.0445022583008         0.0052750400000
-0.2566528320312         71.0384979248047         0.0321569000000
-0.2166748046875         71.0325012207031         0.0297726000000
-0.1733398437500         71.0260009765625         -0.0987356000000
-0.1333109537760         71.0199966430664         -0.2915580000000
-0.0933329264323         71.0139999389648         -0.4359500000000
-0.0533548990885         71.0080032348633         -0.5089080000000
-0.0133260091146         71.0019989013672         -0.5161500000000
0.0300089518229         70.9954986572266         -0.5026200000000
0.0699869791667         70.9895019531250         -0.4997590000000
0.1100158691406         70.9834976196289         -0.5015470000000
0.1533508300781         70.9769973754883         -0.5036330000000
0.1933288574219         70.9710006713867         -0.5115610000000
0.2333577473958         70.9649963378906         -0.5202930000000
0.2733357747396         70.9589996337891         -0.5183260000000
0.3166707356771         70.9524993896484         -0.5073880000000
0.3566487630208         70.9465026855469         -0.5032760000000
0.3966776529948         70.9404983520508         -0.5087590000000
0.4366556803385         70.9345016479492         -0.5184750000000
0.4799906412760         70.9280014038086         -0.5244050000000
0.5200195312500         70.9219970703125         -0.5181470000000
0.5599975585937         70.9160003662109         -0.5008910000000
0.6033325195312         70.9095001220703         -0.4873890000000
0.6433105468750         70.9035034179687         -0.4826800000000
0.6833394368490         70.8974990844727         -0.4873590000000
0.7233174641927         70.8915023803711         -0.4950800000000
0.7633463541667         70.8854980468750         -0.4941860000000
0.8066813151042         70.8789978027344         -0.4840210000000
0.8466593424479         70.8730010986328         -0.4732330000000
0.8866882324219         70.8669967651367         -0.4734420000000
0.9300231933594         70.8604965209961         -0.4815480000000
0.9700012207031         70.8544998168945         -0.4855710000000
1.0099792480469         70.8485031127930         -0.4807730000000
1.0500081380208         70.8424987792969         -0.4707000000000
1.0933430989583         70.8359985351562         -0.4636070000000
1.1333211263021         70.8300018310547         -0.4646800000000
1.1733500162760         70.8239974975586         -0.4689410000000
1.2166849772135         70.8174972534180         -0.4718320000000
1.2566630045573         70.8115005493164         -0.4677490000000
1.2966918945312         70.8054962158203         -0.4583620000000
1.3366699218750         70.7994995117187         -0.4503150000000
1.3800048828125         70.7929992675781         -0.4507320000000
1.4199829101562         70.7870025634766         -0.4588680000000
1.4600118001302         70.7809982299805         -0.4616990000000
1.4999898274740         70.7750015258789         -0.4583620000000
1.5400187174479         70.7689971923828         -0.4501060000000
1.5833536783854         70.7624969482422         -0.4461130000000
1.6266886393229         70.7559967041016         -0.4496590000000
1.6666666666667         70.7500000000000         -0.4584210000000
1.7066446940104         70.7440032958984         -0.4631300000000
1.7466735839844         70.7379989624023         -0.4580640000000
1.7866516113281         70.7320022583008         -0.4477520000000
1.8299865722656         70.7255020141602         -0.4403310000000
1.8700154622396         70.7194976806641         -0.4406290000000
1.9099934895833         70.7135009765625         -0.4476030000000
1.9533284505208         70.7070007324219         -0.4517750000000
1.9933573404948         70.7009963989258         -0.4478710000000
2.0333353678385         70.6949996948242         -0.4371420000000
2.0733133951823         70.6890029907227         -0.4314200000000
2.1133422851562         70.6829986572266         -0.4337150000000
2.1533203125000         70.6770019531250         -0.4397950000000
2.1966552734375         70.6705017089844         -0.4419110000000
2.2366841634115         70.6644973754883         -0.4355630000000
2.2766621907552         70.6585006713867         -0.4279040000000
2.3166910807292         70.6524963378906         -0.4250720000000
2.3599751790365         70.6460037231445         -0.4300790000000
2.4000040690104         70.6399993896484         -0.4374110000000
2.4433390299479         70.6334991455078         -0.4425070000000
2.4833170572917         70.6275024414062         -0.4386920000000
2.5233459472656         70.6214981079102         -0.4276350000000
2.5633239746094         70.6155014038086         -0.4219430000000
2.6033528645833         70.6094970703125         -0.4231650000000
2.6466878255208         70.6029968261719         -0.4309430000000
2.6866658528646         70.5970001220703         -0.4332680000000
2.7300008138021         70.5904998779297         -0.4254000000000
2.7666727701823         70.5849990844727         -0.4148200000000
2.8100077311198         70.5784988403320         -0.4096350000000
2.8499857584635         70.5725021362305         -0.4131510000000
2.8900146484375         70.5664978027344         -0.4194990000000
2.9333496093750         70.5599975585937         -0.4234330000000
2.9733276367187         70.5540008544922         -0.4200660000000
3.0133565266927         70.5479965209961         -0.4118700000000
3.0533345540365         70.5419998168945         -0.4068630000000
3.0966695149740         70.5354995727539         -0.4088300000000
3.1366475423177         70.5295028686523         -0.4164300000000
3.1766764322917         70.5234985351562         -0.4196780000000
3.2166544596354         70.5175018310547         -0.4151180000000
3.2566833496094         70.5114974975586         -0.4077870000000
3.3000183105469         70.5049972534180         -0.4027800000000
3.3399963378906         70.4990005493164         -0.4013200000000
3.3800252278646         70.4929962158203         -0.4006940000000
3.4233093261719         70.4865036010742         -0.4025120000000
3.4633382161458         70.4804992675781         -0.3953590000000
3.5033162434896         70.4745025634766         -0.3887730000000
3.5433451334635         70.4684982299805         -0.3863890000000
3.5866800944010         70.4619979858398         -0.3894290000000
3.6266581217448         70.4560012817383         -0.3964320000000
3.6666870117187         70.4499969482422         -0.3966110000000
3.7066650390625         70.4440002441406         -0.3900550000000
3.7500000000000         70.4375000000000         -0.3853460000000
3.7899780273437         70.4315032958984         -0.3836470000000
3.8300069173177         70.4254989624023         -0.3880280000000
3.8733418782552         70.4189987182617         -0.3910680000000
3.9133199055990         70.4130020141602         -0.3902630000000
3.9533487955729         70.4069976806641         -0.3891610000000
3.9933268229167         70.4010009765625         -0.3843330000000
4.0366617838542         70.3945007324219         -0.3812630000000
4.0766906738281         70.3884963989258         -0.3824850000000
4.1166687011719         70.3824996948242         -0.3847500000000
4.1600036621094         70.3759994506836         -0.3853160000000
4.1999816894531         70.3700027465820         -0.3817700000000
4.2400105794271         70.3639984130859         -0.3774480000000
4.2799886067708         70.3580017089844         -0.3744980000000
4.3200174967448         70.3519973754883         -0.3786400000000
4.3633524576823         70.3454971313477         -0.3836470000000
4.4033304850260         70.3395004272461         -0.3874020000000
4.4433085123698         70.3335037231445         -0.3840050000000
4.4833374023437         70.3274993896484         -0.3765540000000
4.5266723632812         70.3209991455078         -0.3740810000000
4.5666503906250         70.3150024414062         -0.3771800000000
4.6066792805990         70.3089981079102         -0.3829620000000
4.6466573079427         70.3030014038086         -0.3862100000000
4.6899922688802         70.2965011596680         -0.3799520000000
4.7333272298177         70.2900009155273         -0.3727400000000
4.7699991861979         70.2845001220703         -0.3718160000000
4.8099772135417         70.2785034179687         -0.3743790000000
4.8533121744792         70.2720031738281         -0.3764050000000
4.8966471354167         70.2655029296875         -0.3762860000000
4.9366760253906         70.2594985961914         -0.3711000000000
4.9766540527344         70.2535018920898         -0.3647230000000
5.0166829427083         70.2474975585937         -0.3612060000000
5.0566609700521         70.2415008544922         -0.3614150000000
5.0999959309896         70.2350006103516         -0.3609970000000
5.1400248209635         70.2289962768555         -0.3623680000000
5.1800028483073         70.2229995727539         -0.3625470000000
5.2199808756510         70.2170028686523         -0.3599840000000
5.2633158365885         70.2105026245117         -0.3586730000000
5.3033447265625         70.2044982910156         -0.3638580000000
5.3433227539062         70.1985015869141         -0.3666900000000
5.3833516438802         70.1924972534180         -0.3671370000000
5.4233296712240         70.1865005493164         -0.3625170000000
5.4666646321615         70.1800003051758         -0.3576000000000
5.5066426595052         70.1740036010742         -0.3604010000000
5.5466715494792         70.1679992675781         -0.3639780000000
5.5866495768229         70.1620025634766         -0.3625470000000
5.6299845377604         70.1555023193359         -0.3597750000000
5.6700134277344         70.1494979858398         -0.3507160000000
5.7099914550781         70.1435012817383         -0.3454700000000
5.7533264160156         70.1370010375977         -0.3447250000000
5.7933553059896         70.1309967041016         -0.3448740000000
5.8333333333333         70.1250000000000         -0.3494340000000
5.8733113606771         70.1190032958984         -0.3486890000000
5.9166463216146         70.1125030517578         -0.3412090000000
5.9566752115885         70.1064987182617         -0.3362610000000
5.9966532389323         70.1005020141602         -0.3365590000000
6.0366821289062         70.0944976806641         -0.3400460000000
6.0800170898437         70.0879974365234         -0.3420430000000
6.1199951171875         70.0820007324219         -0.3417150000000
6.1600240071615         70.0759963989258         -0.3379300000000
6.2033081054687         70.0695037841797         -0.3348010000000
6.2433369954427         70.0634994506836         -0.3339670000000
6.2833150227865         70.0575027465820         -0.3339670000000
6.3233439127604         70.0514984130859         -0.3328640000000
6.3633219401042         70.0455017089844         -0.3321790000000
6.4066569010417         70.0390014648437         -0.3276190000000
6.4466857910156         70.0329971313477         -0.3236550000000
6.4866638183594         70.0270004272461         -0.3229700000000
6.5266418457031         70.0210037231445         -0.3270530000000
6.5699768066406         70.0145034790039         -0.3265160000000
6.6133117675781         70.0080032348633         -0.3251750000000
6.6499837239583         70.0025024414062         -0.3231480000000
6.6900126139323         69.9964981079102         -0.3175460000000
6.7333475748698         69.9899978637695         -0.3177240000000
6.7733256022135         69.9840011596680         -0.3230290000000
6.8133544921875         69.9779968261719         -0.3276490000000
6.8566894531250         69.9714965820312         -0.3263370000000
6.8966674804687         69.9654998779297         -0.3199000000000
6.9366455078125         69.9595031738281         -0.3149830000000
6.9766743977865         69.9534988403320         -0.3142970000000
7.0200093587240         69.9469985961914         -0.3206450000000
7.0599873860677         69.9410018920898         -0.3269040000000
7.1000162760417         69.9349975585937         -0.3255030000000
7.1399943033854         69.9290008544922         -0.3197210000000
7.1833292643229         69.9225006103516         -0.3108400000000
7.2233581542969         69.9164962768555         -0.3069360000000
7.2666422526042         69.9100036621094         -0.3096480000000
7.3066711425781         69.9039993286133         -0.3154890000000
7.3466491699219         69.8980026245117         -0.3152810000000
7.3866780598958         69.8919982910156         -0.3134030000000
7.4300130208333         69.8854980468750         -0.3159360000000
7.4666849772135         69.8799972534180         -0.3186180000000
7.5100199381510         69.8734970092773         -0.3154590000000
7.5499979654948         69.8675003051758         -0.3157280000000
7.5899759928385         69.8615036010742         -0.3160260000000
7.6333109537760         69.8550033569336         -0.3138200000000
7.6733398437500         69.8489990234375         -0.3120020000000
7.7133178710937         69.8430023193359         -0.3125090000000
7.7533467610677         69.8369979858398         -0.3130160000000
7.7966817220052         69.8304977416992         -0.3134330000000
7.8333536783854         69.8249969482422         -0.3113770000000
7.8766886393229         69.8184967041016         -0.3055650000000
7.9200236002604         69.8119964599609         -0.3018990000000
7.9600016276042         69.8059997558594         -0.3004390000000
7.9999796549479         69.8000030517578         -0.3046710000000
8.0400085449219         69.7939987182617         -0.3057440000000
8.0799865722656         69.7880020141602         -0.3019890000000
8.1233215332031         69.7815017700195         -0.2989490000000
8.1666564941406         69.7750015258789         -0.2909920000000
8.2033284505208         69.7695007324219         -0.2898890000000
8.2466634114583         69.7630004882812         -0.2945380000000
8.2866414388021         69.7570037841797         -0.2961480000000
8.3299763997396         69.7505035400391         -0.2925410000000
8.3700052897135         69.7444992065430         -0.2917070000000
8.4066772460937         69.7389984130859         -0.2903960000000
8.4500122070312         69.7324981689453         -0.2899490000000
8.4899902343750         69.7265014648437         -0.2923630000000
8.5333251953125         69.7200012207031         -0.2881900000000
8.5733540852865         69.7139968872070         -0.2840180000000
8.6133321126302         69.7080001831055         -0.2838390000000
8.6533101399740         69.7020034790039         -0.2864620000000
8.6933390299479         69.6959991455078         -0.2864320000000
8.7333170572917         69.6900024414062         -0.2880120000000
8.7766520182292         69.6835021972656         -0.2921240000000
8.8166809082031         69.6774978637695         -0.2937930000000
8.8566589355469         69.6715011596680         -0.2889950000000
8.8999938964844         69.6650009155273         -0.2859850000000
8.9400227864583         69.6589965820312         -0.2876540000000
8.9800008138021         69.6529998779297         -0.2866700000000
9.0199788411458         69.6470031738281         -0.2915280000000
9.0633138020833         69.6405029296875         -0.2943590000000
9.1033426920573         69.6344985961914         -0.2933760000000
9.1433207194010         69.6285018920898         -0.2910220000000
9.1833496093750         69.6224975585937         -0.2923030000000
9.2266845703125         69.6159973144531         -0.2931380000000
9.2666625976562         69.6100006103516         -0.2930480000000
9.3066914876302         69.6039962768555         -0.2886970000000
9.3466695149740         69.5979995727539         -0.2840480000000
9.3900044759115         69.5914993286133         -0.2830940000000
9.4299825032552         69.5855026245117         -0.2867000000000
9.4700113932292         69.5794982910156         -0.2880410000000
9.5133463541667         69.5729980468750         -0.2873560000000
9.5533243815104         69.5670013427734         -0.2844350000000
9.5933532714844         69.5609970092773         -0.2830940000000
9.6333312988281         69.5550003051758         -0.2828560000000
9.6766662597656         69.5485000610352         -0.2837800000000
9.7166442871094         69.5425033569336         -0.2862830000000
9.7599792480469         69.5360031127930         -0.2882500000000
9.8000081380208         69.5299987792969         -0.2872960000000
9.8399861653646         69.5240020751953         -0.2848820000000
9.8800150553385         69.5179977416992         -0.2852100000000
9.9199930826823         69.5120010375977         -0.2872960000000
9.9633280436198         69.5055007934570         -0.2883390000000
10.0033569335937         69.4994964599609         -0.2875050000000
10.0433349609375         69.4934997558594         -0.2823190000000
10.0833129882812         69.4875030517578         -0.2787130000000
10.1266479492187         69.4810028076172         -0.2781170000000
10.1666768391927         69.4749984741211         -0.2796370000000
10.2066548665365         69.4690017700195         -0.2781770000000
10.2466837565104         69.4629974365234         -0.2790110000000
10.2900187174479         69.4564971923828         -0.2799050000000
10.3299967447917         69.4505004882812         -0.2775810000000
10.3699747721354         69.4445037841797         -0.2735870000000
10.4100036621094         69.4384994506836         -0.2743920000000
10.4533386230469         69.4319992065430         -0.2782360000000
10.4933166503906         69.4260025024414         -0.2798750000000
10.5333455403646         69.4199981689453         -0.2784450000000
10.5733235677083         69.4140014648437         -0.2794280000000
10.6166585286458         69.4075012207031         -0.2802330000000
10.6566874186198         69.4014968872070         -0.2803520000000
10.6966654459635         69.3955001831055         -0.2810680000000
10.7366434733073         69.3895034790039         -0.2807100000000
10.7799784342448         69.3830032348633         -0.2757930000000
10.8200073242187         69.3769989013672         -0.2707860000000
10.8599853515625         69.3710021972656         -0.2671200000000
10.9000142415365         69.3649978637695         -0.2646460000000
10.9433492024740         69.3584976196289         -0.2662560000000
10.9833272298177         69.3525009155273         -0.2680140000000
11.0266621907552         69.3460006713867         -0.2630970000000
11.0666910807292         69.3399963378906         -0.2633050000000
11.1066691080729         69.3339996337891         -0.2628880000000
11.1466471354167         69.3280029296875         -0.2649740000000
11.1899820963542         69.3215026855469         -0.2657190000000
11.2266540527344         69.3160018920898         -0.2692060000000
11.2699890136719         69.3095016479492         -0.2716500000000
11.3100179036458         69.3034973144531         -0.2720370000000
11.3499959309896         69.2975006103516         -0.2684910000000
11.3900248209635         69.2914962768555         -0.2648550000000
11.4333089192708         69.2850036621094         -0.2686100000000
11.4733378092448         69.2789993286133         -0.2730510000000
11.5133158365885         69.2730026245117         -0.2722460000000
11.5566507975260         69.2665023803711         -0.2735570000000
11.5966796875000         69.2604980468750         -0.2717390000000
11.6366577148437         69.2545013427734         -0.2739450000000
11.6766866048177         69.2484970092773         -0.2766870000000
11.7200215657552         69.2419967651367         -0.2761200000000
11.7599995930990         69.2360000610352         -0.2723350000000
11.7999776204427         69.2300033569336         -0.2699510000000
11.8400065104167         69.2239990234375         -0.2715010000000
11.8833414713542         69.2174987792969         -0.2743020000000
11.9233194986979         69.2115020751953         -0.2777890000000
11.9633483886719         69.2054977416992         -0.2788920000000
12.0033264160156         69.1995010375977         -0.2779980000000
12.0466613769531         69.1930007934570         -0.2725740000000
12.0866902669271         69.1869964599609         -0.2726040000000
12.1266682942708         69.1809997558594         -0.2735570000000
12.1700032552083         69.1744995117187         -0.2782960000000
12.2099812825521         69.1685028076172         -0.2823190000000
12.2500101725260         69.1624984741211         -0.2771040000000
12.2933451334635         69.1559982299805         -0.2717690000000
12.3333231608073         69.1500015258789         -0.2735570000000
12.3733520507812         69.1439971923828         -0.2733790000000
12.4133300781250         69.1380004882812         -0.2756140000000
12.4533081054687         69.1320037841797         -0.2754950000000
12.4966430664062         69.1255035400391         -0.2728720000000
12.5366719563802         69.1194992065430         -0.2740640000000
12.5666809082031         69.1149978637695         -0.2753750000000
12.6166788736979         69.1074981689453         -0.2725140000000
12.6566569010417         69.1015014648437         -0.2711140000000
12.6999918619792         69.0950012207031         -0.2743920000000
12.7433268229167         69.0885009765625         -0.2741830000000
12.7799987792969         69.0830001831055         -0.2727530000000
12.8199768066406         69.0770034790039         -0.2700410000000
12.8633117675781         69.0705032348633         -0.2659880000000
12.9033406575521         69.0644989013672         -0.2678060000000
12.9433186848958         69.0585021972656         -0.2669410000000
12.9866536458333         69.0520019531250         -0.2641400000000
13.0266825358073         69.0459976196289         -0.2641990000000
13.0700174967448         69.0394973754883         -0.2635740000000
13.1099955240885         69.0335006713867         -0.2668220000000
13.1500244140625         69.0274963378906         -0.2704880000000
13.1900024414062         69.0214996337891         -0.2700110000000
13.2333374023437         69.0149993896484         -0.2698920000000
13.2700093587240         69.0094985961914         -0.2676270000000
13.3166503906250         69.0025024414062         -0.2683120000000
13.3533223470052         68.9970016479492         -0.2690870000000
13.3933512369792         68.9909973144531         -0.2687590000000
13.4333292643229         68.9850006103516         -0.2671800000000
13.4766642252604         68.9785003662109         -0.2701300000000
13.5166422526042         68.9725036621094         -0.2714410000000
13.5566711425781         68.9664993286133         -0.2712920000000
13.6000061035156         68.9599990844727         -0.2733790000000
13.6399841308594         68.9540023803711         -0.2748690000000
13.6800130208333         68.9479980468750         -0.2768950000000
13.7233479817708         68.9414978027344         -0.2764780000000
13.7600199381510         68.9359970092773         -0.2753460000000
13.8033548990885         68.9294967651367         -0.2724250000000
13.8466898600260         68.9229965209961         -0.2715010000000
13.8866678873698         68.9169998168945         -0.2712920000000
13.9266459147135         68.9110031127930         -0.2691760000000
13.9666748046875         68.9049987792969         -0.2684020000000
14.0066528320312         68.8990020751953         -0.2670600000000
14.0499877929687         68.8925018310547         -0.2664940000000
14.0900166829427         68.8864974975586         -0.2670310000000
14.1299947102865         68.8805007934570         -0.2698020000000
14.1700236002604         68.8744964599609         -0.2704880000000
14.2133585611979         68.8679962158203         -0.2686100000000
14.2533365885417         68.8619995117187         -0.2692360000000
14.2933146158854         68.8560028076172         -0.2711140000000
14.3333435058594         68.8499984741211         -0.2702790000000
14.3766784667969         68.8434982299805         -0.2700710000000
14.4166564941406         68.8375015258789         -0.2687890000000
14.4566853841146         68.8314971923828         -0.2673880000000
14.5000203450521         68.8249969482422         -0.2663450000000
14.5399983723958         68.8190002441406         -0.2660470000000
14.5799763997396         68.8130035400391         -0.2639910000000
14.6200052897135         68.8069992065430         -0.2626500000000
14.6599833170573         68.8010025024414         -0.2636330000000
14.7033182779948         68.7945022583008         -0.2624410000000
14.7433471679687         68.7884979248047         -0.2604440000000
14.7833251953125         68.7825012207031         -0.2594610000000
14.8266601562500         68.7760009765625         -0.2609810000000
14.8666890462240         68.7699966430664         -0.2637820000000
14.9066670735677         68.7639999389648         -0.2655410000000
14.9466451009115         68.7580032348633         -0.2633950000000
14.9899800618490         68.7515029907227         -0.2618750000000
15.0300089518229         68.7454986572266         -0.2622620000000
15.0699869791667         68.7395019531250         -0.2606530000000
15.1100158691406         68.7334976196289         -0.2585970000000
15.1533508300781         68.7269973754883         -0.2589240000000
15.1933288574219         68.7210006713867         -0.2607720000000
15.2333577473958         68.7149963378906         -0.2606530000000
15.2766418457031         68.7085037231445         -0.2579410000000
15.3166707356771         68.7024993896484         -0.2554080000000
15.3566487630208         68.6965026855469         -0.2565100000000
15.3966776529948         68.6904983520508         -0.2535900000000
15.4400126139323         68.6839981079102         -0.2529940000000
15.4799906412760         68.6780014038086         -0.2527260000000
15.5200195312500         68.6719970703125         -0.2526660000000
15.5599975585937         68.6660003662109         -0.2544540000000
15.6033325195312         68.6595001220703         -0.2555270000000
15.6433105468750         68.6535034179687         -0.2546930000000
15.6900024414062         68.6464996337891         -0.2540960000000
15.7233174641927         68.6415023803711         -0.2540070000000
15.7666524251302         68.6350021362305         -0.2548420000000
15.8066813151042         68.6289978027344         -0.2565100000000
15.8466593424479         68.6230010986328         -0.2576730000000
15.8899943033854         68.6165008544922         -0.2560630000000
15.9333292643229         68.6100006103516         -0.2550200000000
15.9700012207031         68.6044998168945         -0.2539770000000
16.0099792480469         68.5985031127930         -0.2524570000000
16.0533142089844         68.5920028686523         -0.2532620000000
16.0933430989583         68.5859985351562         -0.2540370000000
16.1333211263021         68.5800018310547         -0.2545140000000
16.1733500162760         68.5739974975586         -0.2535900000000
16.2133280436198         68.5680007934570         -0.2523380000000
16.2566630045573         68.5615005493164         -0.2504310000000
16.2966918945312         68.5554962158203         -0.2528750000000
16.3366699218750         68.5494995117187         -0.2560040000000
16.3766479492187         68.5435028076172         -0.2555570000000
16.4166768391927         68.5374984741211         -0.2545730000000
16.4566548665365         68.5315017700195         -0.2540070000000
16.4999898274740         68.5250015258789         -0.2552890000000
16.5400187174479         68.5189971923828         -0.2559740000000
16.5833536783854         68.5124969482422         -0.2554380000000
16.6233317057292         68.5065002441406         -0.2533220000000
16.6633097330729         68.5005035400391         -0.2505800000000
16.7033386230469         68.4944992065430         -0.2492390000000
16.7499796549479         68.4875030517578         -0.2464370000000
16.7866516113281         68.4820022583008         -0.2467650000000
16.8299865722656         68.4755020141602         -0.2469140000000
16.8666585286458         68.4700012207031         -0.2465860000000
16.9099934895833         68.4635009765625         -0.2474800000000
16.9500223795573         68.4574966430664         -0.2470630000000
16.9900004069010         68.4514999389648         -0.2472720000000
17.0333353678385         68.4449996948242         -0.2496560000000
17.0766703287760         68.4384994506836         -0.2480760000000
17.1166483561198         68.4325027465820         -0.2448880000000
17.1533203125000         68.4270019531250         -0.2453350000000
17.1966552734375         68.4205017089844         -0.2439030000000
17.2366841634115         68.4144973754883         -0.2436350000000
17.2800191243490         68.4079971313477         -0.2448280000000
17.3166910807292         68.4024963378906         -0.2385090000000
17.3566691080729         68.3964996337891         -0.2374360000000
17.4000040690104         68.3899993896484         -0.2340680000000
17.4399820963542         68.3840026855469         -0.2354690000000
17.4800109863281         68.3779983520508         -0.2350520000000
17.5199890136719         68.3720016479492         -0.2380920000000
17.5633239746094         68.3655014038086         -0.2411910000000
17.6033528645833         68.3594970703125         -0.2410420000000
17.6433308919271         68.3535003662109         -0.2388370000000
17.6866658528646         68.3470001220703         -0.2384200000000
17.7266438802083         68.3410034179687         -0.2389560000000
17.7699788411458         68.3345031738281         -0.2411020000000
17.8100077311198         68.3284988403320         -0.2430090000000
17.8499857584635         68.3225021362305         -0.2430090000000
17.8933207194010         68.3160018920898         -0.2428300000000
17.9333496093750         68.3099975585937         -0.2420260000000
17.9733276367187         68.3040008544922         -0.2422040000000
18.0133565266927         68.2979965209961         -0.2443210000000
18.0533345540365         68.2919998168945         -0.2459010000000
18.0966695149740         68.2854995727539         -0.2464070000000
18.1366475423177         68.2795028686523         -0.2453350000000
18.1766764322917         68.2734985351562         -0.2439930000000
18.2166544596354         68.2675018310547         -0.2433070000000
18.2599894205729         68.2610015869141         -0.2440820000000
18.3000183105469         68.2549972534180         -0.2445900000000
18.3399963378906         68.2490005493164         -0.2439630000000
18.3800252278646         68.2429962158203         -0.2420260000000
18.4233093261719         68.2365036010742         -0.2400880000000
18.4633382161458         68.2304992675781         -0.2397010000000
18.5033162434896         68.2245025634766         -0.2393430000000
18.5433451334635         68.2184982299805         -0.2398200000000
18.5866800944010         68.2119979858398         -0.2406250000000
18.6266581217448         68.2060012817383         -0.2411910000000
18.6666870117187         68.1999969482422         -0.2414300000000
18.7100219726562         68.1934967041016         -0.2413100000000
18.7466430664062         68.1880035400391         -0.2411020000000
18.7899780273437         68.1815032958984         -0.2409830000000
18.8333129882812         68.1750030517578         -0.2397610000000
18.8699849446615         68.1695022583008         -0.2383900000000
18.9133199055990         68.1630020141602         -0.2383900000000
18.9533487955729         68.1569976806641         -0.2377640000000
18.9933268229167         68.1510009765625         -0.2358270000000
19.0366617838542         68.1445007324219         -0.2368400000000
19.0766906738281         68.1384963989258         -0.2358270000000
19.1166687011719         68.1324996948242         -0.2326080000000
19.1566467285156         68.1265029907227         -0.2309090000000
19.1999816894531         68.1200027465820         -0.2321910000000
19.2400105794271         68.1139984130859         -0.2309390000000
19.2799886067708         68.1080017089844         -0.2315350000000
19.3200174967448         68.1019973754883         -0.2323700000000
19.3633524576823         68.0954971313477         -0.2332040000000
19.4033304850260         68.0895004272461         -0.2338000000000
19.4433085123698         68.0835037231445         -0.2351410000000
19.4833374023437         68.0774993896484         -0.2383600000000
19.5266723632812         68.0709991455078         -0.2374660000000
19.5666503906250         68.0650024414062         -0.2366310000000
19.6066792805990         68.0589981079102         -0.2366020000000
19.6466573079427         68.0530014038086         -0.2356180000000
19.6899922688802         68.0465011596680         -0.2338900000000
19.7300211588542         68.0404968261719         -0.2321310000000
19.7699991861979         68.0345001220703         -0.2326080000000
19.8099772135417         68.0285034179687         -0.2319230000000
19.8533121744792         68.0220031738281         -0.2301640000000
19.8933410644531         68.0159988403320         -0.2286440000000
19.9333190917969         68.0100021362305         -0.2311180000000
19.9733479817708         68.0039978027344         -0.2315350000000
20.0033569335937         67.9994964599609         -0.2313270000000
