-2.6666768391927         71.4000015258789         0.0011921000000
-2.6266479492187         71.3939971923828         0.0010132900000
-2.5866699218750         71.3880004882812         0.0016391400000
-2.5466918945312         71.3820037841797         0.0018775500000
-2.5066630045573         71.3759994506836         0.0018775500000
-2.4633280436198         71.3694992065430         0.0013411100000
-2.4233500162760         71.3635025024414         0.0014305200000
-2.3800150553385         71.3570022583008         0.0017881500000
-2.3399861653646         71.3509979248047         0.0019371700000
-2.3000081380208         71.3450012207031         0.0011921000000
-2.2599792480469         71.3389968872070         0.0008046660000
-2.2200012207031         71.3330001831055         0.0003576300000
-2.1800231933594         71.3270034790039         0.0009238760000
-2.1366882324219         71.3205032348633         0.0011026900000
-2.0966593424479         71.3144989013672         0.0003874320000
-2.0533243815104         71.3079986572266         0.0005364450000
-2.0133463541667         71.3020019531250         0.0008642710000
-1.9733174641927         71.2959976196289         0.0011623000000
-1.9333394368490         71.2900009155273         0.0014901200000
-1.8933105468750         71.2839965820312         0.0012219000000
-1.8499755859375         71.2774963378906         0.0008344690000
-1.8099975585937         71.2714996337891         0.0004470370000
-1.7700195312500         71.2655029296875         0.0003278270000
-1.7299906412760         71.2594985961914         0.0008940730000
-1.6900126139323         71.2535018920898         0.0007450620000
-1.6466776529948         71.2470016479492         0.0007450620000
-1.6066487630208         71.2409973144531         0.0009536820000
-1.5666707356771         71.2350006103516         0.0007748640000
-1.5233357747396         71.2285003662109         0.0009834840000
-1.4833577473958         71.2225036621094         0.0007450620000
-1.4433288574219         71.2164993286133         0.0005662480000
-1.4033508300781         71.2105026245117         0.0003278270000
-1.3600158691406         71.2040023803711         0.0005662480000
-1.3199869791667         71.1979980468750         0.0010430900000
-1.2800089518229         71.1920013427734         0.0013113100000
-1.2366739908854         71.1855010986328         0.0010430900000
-1.1966451009115         71.1794967651367         0.0000298025000
-1.1566670735677         71.1735000610352         -0.0002384200000
-1.1133321126302         71.1669998168945         0.0008344690000
-1.0766601562500         71.1614990234375         0.0013113100000
-1.0333251953125         71.1549987792969         0.0010430900000
-0.9933471679687         71.1490020751953         0.0010430900000
-0.9500122070312         71.1425018310547         0.0007748640000
-0.9099833170573         71.1364974975586         0.0007152590000
-0.8700052897135         71.1305007934570         0.0007450620000
-0.8299763997396         71.1244964599609         0.0003278270000
-0.7866414388021         71.1179962158203         -0.0000894074000
-0.7466634114583         71.1119995117187         -0.0003874320000
-0.7066853841146         71.1060028076172         0.0007450620000
-0.6633504231771         71.0995025634766         0.0009834840000
-0.6233215332031         71.0934982299805         -0.0001490130000
-0.5833435058594         71.0875015258789         -0.0003278270000
-0.5433146158854         71.0814971923828         -0.0000596051000
-0.4999796549479         71.0749969482422         0.0007152590000
-0.4600016276042         71.0690002441406         0.0006258520000
-0.4200236002604         71.0630035400391         -0.0001788150000
-0.3766886393229         71.0565032958984         0.0003576300000
-0.3400166829427         71.0510025024414         0.0005662480000
-0.2966817220052         71.0445022583008         0.0057816800000
-0.2566528320312         71.0384979248047         0.0405910000000
-0.2166748046875         71.0325012207031         0.0474753000000
-0.1766459147135         71.0264968872070         -0.0755792000000
-0.1333109537760         71.0199966430664         -0.2518610000000
-0.0933329264323         71.0139999389648         -0.3722630000000
-0.0533548990885         71.0080032348633         -0.4252810000000
-0.0133260091146         71.0019989013672         -0.4301980000000
0.0300089518229         70.9954986572266         -0.4255190000000
0.0699869791667         70.9895019531250         -0.4293640000000
0.1100158691406         70.9834976196289         -0.4297810000000
0.1533508300781         70.9769973754883         -0.4335060000000
0.1933288574219         70.9710006713867         -0.4472450000000
0.2333577473958         70.9649963378906         -0.4628020000000
0.2733357747396         70.9589996337891         -0.4651270000000
0.3166707356771         70.9524993896484         -0.4545170000000
0.3566487630208         70.9465026855469         -0.4455760000000
0.3966776529948         70.9404983520508         -0.4520730000000
0.4366556803385         70.9345016479492         -0.4711770000000
0.4766845703125         70.9284973144531         -0.4867040000000
0.5200195312500         70.9219970703125         -0.4832170000000
0.5599975585937         70.9160003662109         -0.4631300000000
0.6033325195312         70.9095001220703         -0.4429240000000
0.6400044759115         70.9039993286133         -0.4385430000000
0.6833394368490         70.8974990844727         -0.4535040000000
0.7233174641927         70.8915023803711         -0.4682560000000
0.7633463541667         70.8854980468750         -0.4672720000000
0.8066813151042         70.8789978027344         -0.4562460000000
0.8466593424479         70.8730010986328         -0.4469170000000
0.8899943033854         70.8665008544922         -0.4483180000000
0.9300231933594         70.8604965209961         -0.4576760000000
0.9700012207031         70.8544998168945         -0.4614310000000
1.0099792480469         70.8485031127930         -0.4541300000000
1.0500081380208         70.8424987792969         -0.4445330000000
1.0899861653646         70.8365020751953         -0.4392280000000
1.1333211263021         70.8300018310547         -0.4433410000000
1.1733500162760         70.8239974975586         -0.4548150000000
1.2133280436198         70.8180007934570         -0.4596430000000
1.2566630045573         70.8115005493164         -0.4533250000000
1.2966918945312         70.8054962158203         -0.4411950000000
1.3366699218750         70.7994995117187         -0.4333280000000
1.3766479492187         70.7935028076172         -0.4372020000000
1.4199829101562         70.7870025634766         -0.4459940000000
1.4600118001302         70.7809982299805         -0.4500170000000
1.5033467610677         70.7744979858398         -0.4462920000000
1.5433247884115         70.7685012817383         -0.4362480000000
1.5833536783854         70.7624969482422         -0.4311520000000
1.6233317057292         70.7565002441406         -0.4367250000000
1.6666666666667         70.7500000000000         -0.4493020000000
1.7033386230469         70.7444992065430         -0.4559180000000
1.7466735839844         70.7379989624023         -0.4510300000000
1.7866516113281         70.7320022583008         -0.4391390000000
1.8266805013021         70.7259979248047         -0.4296920000000
1.8700154622396         70.7194976806641         -0.4307940000000
1.9099934895833         70.7135009765625         -0.4417320000000
1.9500223795573         70.7074966430664         -0.4485270000000
1.9933573404948         70.7009963989258         -0.4430430000000
2.0333353678385         70.6949996948242         -0.4324340000000
2.0733133951823         70.6890029907227         -0.4256090000000
2.1133422851562         70.6829986572266         -0.4276650000000
2.1533203125000         70.6770019531250         -0.4362780000000
2.1966552734375         70.6705017089844         -0.4409570000000
2.2366841634115         70.6644973754883         -0.4361590000000
2.2766621907552         70.6585006713867         -0.4247150000000
2.3199971516927         70.6520004272461         -0.4193500000000
2.3599751790365         70.6460037231445         -0.4256090000000
2.4000040690104         70.6399993896484         -0.4360690000000
2.4399820963542         70.6340026855469         -0.4419410000000
2.4800109863281         70.6279983520508         -0.4364870000000
2.5233459472656         70.6214981079102         -0.4270990000000
2.5633239746094         70.6155014038086         -0.4185460000000
2.6033528645833         70.6094970703125         -0.4202150000000
2.6466878255208         70.6029968261719         -0.4302580000000
2.6866658528646         70.5970001220703         -0.4385130000000
2.7266438802083         70.5910034179687         -0.4331490000000
2.7666727701823         70.5849990844727         -0.4191720000000
2.8066507975260         70.5790023803711         -0.4106180000000
2.8499857584635         70.5725021362305         -0.4128240000000
2.8900146484375         70.5664978027344         -0.4202150000000
2.9299926757812         70.5605010986328         -0.4254900000000
2.9733276367187         70.5540008544922         -0.4221520000000
3.0133565266927         70.5479965209961         -0.4171750000000
3.0533345540365         70.5419998168945         -0.4130620000000
3.0933125813802         70.5360031127930         -0.4149400000000
3.1366475423177         70.5295028686523         -0.4251620000000
3.1766764322917         70.5234985351562         -0.4301390000000
3.2166544596354         70.5175018310547         -0.4244760000000
3.2566833496094         70.5114974975586         -0.4154160000000
3.3000183105469         70.5049972534180         -0.4104690000000
3.3399963378906         70.4990005493164         -0.4168470000000
3.3833312988281         70.4925003051758         -0.4246850000000
3.4233093261719         70.4865036010742         -0.4273670000000
3.4633382161458         70.4804992675781         -0.4216750000000
3.5033162434896         70.4745025634766         -0.4111550000000
3.5466512044271         70.4680023193359         -0.4048070000000
3.5833231608073         70.4625015258789         -0.4063860000000
3.6266581217448         70.4560012817383         -0.4147310000000
3.6666870117187         70.4499969482422         -0.4199170000000
3.7066650390625         70.4440002441406         -0.4161610000000
3.7500000000000         70.4375000000000         -0.4064160000000
3.7899780273437         70.4315032958984         -0.4027500000000
3.8300069173177         70.4254989624023         -0.4069230000000
3.8699849446615         70.4195022583008         -0.4140160000000
3.9100138346354         70.4134979248047         -0.4189630000000
3.9533487955729         70.4069976806641         -0.4176520000000
3.9933268229167         70.4010009765625         -0.4097840000000
4.0333557128906         70.3949966430664         -0.4038230000000
4.0766906738281         70.3884963989258         -0.4057010000000
4.1166687011719         70.3824996948242         -0.4113040000000
4.1566467285156         70.3765029907227         -0.4149990000000
4.1966756184896         70.3704986572266         -0.4112440000000
4.2400105794271         70.3639984130859         -0.4045090000000
4.2799886067708         70.3580017089844         -0.4008130000000
4.3200174967448         70.3519973754883         -0.4057010000000
4.3633524576823         70.3454971313477         -0.4136280000000
4.4033304850260         70.3395004272461         -0.4119590000000
4.4433085123698         70.3335037231445         -0.4068630000000
4.4866434733073         70.3270034790039         -0.4018270000000
4.5266723632812         70.3209991455078         -0.3981610000000
4.5666503906250         70.3150024414062         -0.4008730000000
4.6066792805990         70.3089981079102         -0.4077270000000
4.6466573079427         70.3030014038086         -0.4088600000000
4.6899922688802         70.2965011596680         -0.4052840000000
4.7300211588542         70.2904968261719         -0.3973860000000
4.7699991861979         70.2845001220703         -0.3918730000000
4.8133341471354         70.2779998779297         -0.3962830000000
4.8533121744792         70.2720031738281         -0.4051940000000
4.8933410644531         70.2659988403320         -0.4067440000000
4.9333190917969         70.2600021362305         -0.4030190000000
4.9733479817708         70.2539978027344         -0.3943160000000
5.0166829427083         70.2474975585937         -0.3893390000000
5.0600179036458         70.2409973144531         -0.3924390000000
5.0999959309896         70.2350006103516         -0.3973560000000
5.1400248209635         70.2289962768555         -0.4017370000000
5.1800028483073         70.2229995727539         -0.3985190000000
5.2199808756510         70.2170028686523         -0.3922300000000
5.2633158365885         70.2105026245117         -0.3899650000000
5.3033447265625         70.2044982910156         -0.3932140000000
5.3433227539062         70.1985015869141         -0.3978630000000
5.3866577148437         70.1920013427734         -0.3985480000000
5.4233296712240         70.1865005493164         -0.3941080000000
5.4633585611979         70.1804962158203         -0.3880280000000
5.5066426595052         70.1740036010742         -0.3865680000000
5.5466715494792         70.1679992675781         -0.3904420000000
5.5900065104167         70.1614990234375         -0.3951210000000
5.6299845377604         70.1555023193359         -0.3962540000000
5.6700134277344         70.1494979858398         -0.3902630000000
5.7133483886719         70.1429977416992         -0.3837960000000
5.7500203450521         70.1374969482422         -0.3801600000000
5.7933553059896         70.1309967041016         -0.3824850000000
5.8333333333333         70.1250000000000         -0.3870450000000
5.8733113606771         70.1190032958984         -0.3889820000000
5.9133402506510         70.1129989624023         -0.3852560000000
5.9566752115885         70.1064987182617         -0.3804580000000
5.9966532389323         70.1005020141602         -0.3791770000000
6.0366821289062         70.0944976806641         -0.3828720000000
6.0800170898437         70.0879974365234         -0.3868360000000
6.1199951171875         70.0820007324219         -0.3867170000000
6.1600240071615         70.0759963989258         -0.3824850000000
6.2000020345052         70.0699996948242         -0.3758090000000
6.2399800618490         70.0640029907227         -0.3749750000000
6.2833150227865         70.0575027465820         -0.3771800000000
6.3233439127604         70.0514984130859         -0.3817990000000
6.3633219401042         70.0455017089844         -0.3810250000000
6.4066569010417         70.0390014648437         -0.3758990000000
6.4466857910156         70.0329971313477         -0.3684180000000
6.4866638183594         70.0270004272461         -0.3662130000000
6.5266418457031         70.0210037231445         -0.3723520000000
6.5699768066406         70.0145034790039         -0.3775380000000
6.6100056966146         70.0084991455078         -0.3783420000000
6.6499837239583         70.0025024414062         -0.3724410000000
6.6933186848958         69.9960021972656         -0.3629940000000
6.7333475748698         69.9899978637695         -0.3606700000000
6.7733256022135         69.9840011596680         -0.3655870000000
6.8133544921875         69.9779968261719         -0.3689550000000
6.8533325195312         69.9720001220703         -0.3731870000000
6.8966674804687         69.9654998779297         -0.3698190000000
6.9366455078125         69.9595031738281         -0.3654680000000
6.9799804687500         69.9530029296875         -0.3628750000000
7.0200093587240         69.9469985961914         -0.3654680000000
7.0599873860677         69.9410018920898         -0.3703260000000
7.1000162760417         69.9349975585937         -0.3690140000000
7.1399943033854         69.9290008544922         -0.3652590000000
7.1833292643229         69.9225006103516         -0.3612950000000
7.2233581542969         69.9164962768555         -0.3603120000000
7.2666422526042         69.9100036621094         -0.3634410000000
7.3033142089844         69.9045028686523         -0.3655870000000
7.3433430989583         69.8984985351562         -0.3670470000000
7.3866780598958         69.8919982910156         -0.3621000000000
7.4300130208333         69.8854980468750         -0.3564970000000
7.4699910481771         69.8795013427734         -0.3574510000000
7.5100199381510         69.8734970092773         -0.3609970000000
7.5499979654948         69.8675003051758         -0.3644840000000
7.5899759928385         69.8615036010742         -0.3657060000000
7.6333109537760         69.8550033569336         -0.3642160000000
7.6733398437500         69.8489990234375         -0.3583450000000
7.7133178710937         69.8430023193359         -0.3577790000000
7.7566528320312         69.8365020751953         -0.3594180000000
7.7966817220052         69.8304977416992         -0.3601030000000
7.8366597493490         69.8245010375977         -0.3594480000000
7.8766886393229         69.8184967041016         -0.3564380000000
7.9200236002604         69.8119964599609         -0.3551560000000
7.9600016276042         69.8059997558594         -0.3557820000000
7.9999796549479         69.8000030517578         -0.3572120000000
8.0433146158854         69.7935028076172         -0.3572120000000
8.0799865722656         69.7880020141602         -0.3518480000000
8.1233215332031         69.7815017700195         -0.3508350000000
8.1633504231771         69.7754974365234         -0.3509540000000
8.2033284505208         69.7695007324219         -0.3505370000000
8.2433573404948         69.7634963989258         -0.3508940000000
8.2866414388021         69.7570037841797         -0.3529810000000
8.3266703287760         69.7509994506836         -0.3552460000000
8.3700052897135         69.7444992065430         -0.3513120000000
8.4099833170573         69.7385025024414         -0.3457390000000
8.4500122070312         69.7324981689453         -0.3434140000000
8.4899902343750         69.7265014648437         -0.3469900000000
8.5300191243490         69.7204971313477         -0.3511630000000
8.5733540852865         69.7139968872070         -0.3510730000000
8.6133321126302         69.7080001831055         -0.3464540000000
8.6533101399740         69.7020034790039         -0.3443080000000
8.6933390299479         69.6959991455078         -0.3442190000000
8.7366739908854         69.6894989013672         -0.3464540000000
8.7766520182292         69.6835021972656         -0.3468410000000
8.8166809082031         69.6774978637695         -0.3423110000000
8.8566589355469         69.6715011596680         -0.3397480000000
8.8999938964844         69.6650009155273         -0.3400170000000
8.9400227864583         69.6589965820312         -0.3432350000000
8.9800008138021         69.6529998779297         -0.3443980000000
9.0199788411458         69.6470031738281         -0.3460370000000
9.0633138020833         69.6405029296875         -0.3484510000000
9.1033426920573         69.6344985961914         -0.3481530000000
9.1433207194010         69.6285018920898         -0.3474670000000
9.1833496093750         69.6224975585937         -0.3433250000000
9.2266845703125         69.6159973144531         -0.3444870000000
9.2666625976562         69.6100006103516         -0.3457680000000
9.3066914876302         69.6039962768555         -0.3476460000000
9.3499755859375         69.5975036621094         -0.3455000000000
9.3900044759115         69.5914993286133         -0.3394800000000
9.4333394368490         69.5849990844727         -0.3369770000000
9.4700113932292         69.5794982910156         -0.3407910000000
9.5099894205729         69.5735015869141         -0.3431760000000
9.5533243815104         69.5670013427734         -0.3431160000000
9.5933532714844         69.5609970092773         -0.3391520000000
9.6333312988281         69.5550003051758         -0.3355160000000
9.6766662597656         69.5485000610352         -0.3369770000000
9.7166442871094         69.5425033569336         -0.3400460000000
9.7566731770833         69.5364990234375         -0.3406420000000
9.8000081380208         69.5299987792969         -0.3426690000000
9.8399861653646         69.5240020751953         -0.3435030000000
9.8800150553385         69.5179977416992         -0.3416260000000
9.9199930826823         69.5120010375977         -0.3402250000000
9.9633280436198         69.5055007934570         -0.3403150000000
10.0033569335937         69.4994964599609         -0.3408210000000
10.0433349609375         69.4934997558594         -0.3435030000000
10.0833129882812         69.4875030517578         -0.3432650000000
10.1266479492187         69.4810028076172         -0.3377520000000
10.1666768391927         69.4749984741211         -0.3361420000000
10.2066548665365         69.4690017700195         -0.3381990000000
10.2466837565104         69.4629974365234         -0.3387350000000
10.2900187174479         69.4564971923828         -0.3379900000000
10.3299967447917         69.4505004882812         -0.3365000000000
10.3699747721354         69.4445037841797         -0.3360230000000
10.4100036621094         69.4384994506836         -0.3316720000000
10.4533386230469         69.4319992065430         -0.3327150000000
10.4933166503906         69.4260025024414         -0.3352480000000
10.5333455403646         69.4199981689453         -0.3350690000000
10.5766805013021         69.4134979248047         -0.3312840000000
10.6166585286458         69.4075012207031         -0.3298540000000
10.6566874186198         69.4014968872070         -0.3305100000000
10.7000223795573         69.3949966430664         -0.3346820000000
10.7400004069010         69.3889999389648         -0.3376920000000
10.7799784342448         69.3830032348633         -0.3345330000000
10.8200073242187         69.3769989013672         -0.3305100000000
10.8599853515625         69.3710021972656         -0.3284530000000
10.9000142415365         69.3649978637695         -0.3280660000000
10.9433492024740         69.3584976196289         -0.3290490000000
10.9833272298177         69.3525009155273         -0.3309860000000
11.0233561197917         69.3464965820312         -0.3295860000000
11.0666910807292         69.3399963378906         -0.3256820000000
11.1066691080729         69.3339996337891         -0.3231480000000
11.1466471354167         69.3280029296875         -0.3242510000000
11.1866760253906         69.3219985961914         -0.3235060000000
11.2266540527344         69.3160018920898         -0.3242810000000
11.2699890136719         69.3095016479492         -0.3274700000000
11.3100179036458         69.3034973144531         -0.3277380000000
11.3533528645833         69.2969970703125         -0.3267550000000
11.3933308919271         69.2910003662109         -0.3280960000000
11.4333089192708         69.2850036621094         -0.3300630000000
11.4733378092448         69.2789993286133         -0.3341750000000
11.5133158365885         69.2730026245117         -0.3340560000000
11.5566507975260         69.2665023803711         -0.3301220000000
11.5966796875000         69.2604980468750         -0.3277380000000
11.6366577148437         69.2545013427734         -0.3283340000000
11.6799926757812         69.2480010986328         -0.3288410000000
11.7200215657552         69.2419967651367         -0.3283340000000
11.7599995930990         69.2360000610352         -0.3283040000000
11.7999776204427         69.2300033569336         -0.3282150000000
11.8400065104167         69.2239990234375         -0.3272310000000
11.8833414713542         69.2174987792969         -0.3271420000000
11.9233194986979         69.2115020751953         -0.3308370000000
11.9633483886719         69.2054977416992         -0.3320590000000
12.0066833496094         69.1989974975586         -0.3307480000000
12.0466613769531         69.1930007934570         -0.3270230000000
12.0866902669271         69.1869964599609         -0.3244600000000
12.1266682942708         69.1809997558594         -0.3267840000000
12.1700032552083         69.1744995117187         -0.3297350000000
12.2099812825521         69.1685028076172         -0.3308970000000
12.2500101725260         69.1624984741211         -0.3325060000000
12.2899881998698         69.1565017700195         -0.3291690000000
12.3333231608073         69.1500015258789         -0.3271120000000
12.3733520507812         69.1439971923828         -0.3257710000000
12.4133300781250         69.1380004882812         -0.3280060000000
12.4533081054687         69.1320037841797         -0.3288110000000
12.4966430664062         69.1255035400391         -0.3285130000000
12.5366719563802         69.1194992065430         -0.3257710000000
12.5766499837240         69.1135025024414         -0.3240430000000
12.6199849446615         69.1070022583008         -0.3251750000000
12.6600138346354         69.1009979248047         -0.3277680000000
12.6999918619792         69.0950012207031         -0.3297350000000
12.7400207519531         69.0889968872070         -0.3281850000000
12.7799987792969         69.0830001831055         -0.3265160000000
12.8233337402344         69.0764999389648         -0.3253840000000
12.8600056966146         69.0709991455078         -0.3258600000000
12.9033406575521         69.0644989013672         -0.3277680000000
12.9466756184896         69.0579986572266         -0.3283040000000
12.9866536458333         69.0520019531250         -0.3271720000000
13.0266825358073         69.0459976196289         -0.3226720000000
13.0666605631510         69.0400009155273         -0.3201090000000
13.1099955240885         69.0335006713867         -0.3198700000000
13.1466674804687         69.0279998779297         -0.3213900000000
13.1933085123698         69.0210037231445         -0.3219860000000
13.2333374023437         69.0149993896484         -0.3233570000000
13.2700093587240         69.0094985961914         -0.3232970000000
13.3133443196615         69.0029983520508         -0.3227310000000
13.3533223470052         68.9970016479492         -0.3233870000000
13.3966573079427         68.9905014038086         -0.3249070000000
13.4366861979167         68.9844970703125         -0.3265460000000
13.4766642252604         68.9785003662109         -0.3270530000000
13.5166422526042         68.9725036621094         -0.3265160000000
13.5566711425781         68.9664993286133         -0.3216880000000
13.6000061035156         68.9599990844727         -0.3194230000000
13.6399841308594         68.9540023803711         -0.3201380000000
13.6800130208333         68.9479980468750         -0.3220760000000
13.7199910481771         68.9420013427734         -0.3222250000000
13.7633260091146         68.9355010986328         -0.3242510000000
13.8033548990885         68.9294967651367         -0.3201380000000
13.8433329264323         68.9235000610352         -0.3201090000000
13.8866678873698         68.9169998168945         -0.3204660000000
13.9266459147135         68.9110031127930         -0.3207940000000
13.9666748046875         68.9049987792969         -0.3181420000000
14.0066528320312         68.8990020751953         -0.3155790000000
14.0499877929687         68.8925018310547         -0.3153100000000
14.0900166829427         68.8864974975586         -0.3172770000000
14.1299947102865         68.8805007934570         -0.3173070000000
14.1700236002604         68.8744964599609         -0.3177840000000
14.2133585611979         68.8679962158203         -0.3179030000000
14.2533365885417         68.8619995117187         -0.3161150000000
14.2933146158854         68.8560028076172         -0.3150120000000
14.3333435058594         68.8499984741211         -0.3154000000000
14.3766784667969         68.8434982299805         -0.3158770000000
14.4166564941406         68.8375015258789         -0.3148340000000
14.4566853841146         68.8314971923828         -0.3148930000000
14.4966634114583         68.8255004882812         -0.3146550000000
14.5399983723958         68.8190002441406         -0.3153100000000
14.5799763997396         68.8130035400391         -0.3158770000000
14.6200052897135         68.8069992065430         -0.3160850000000
14.6633402506510         68.8004989624023         -0.3169500000000
14.7033182779948         68.7945022583008         -0.3157280000000
14.7433471679687         68.7884979248047         -0.3139400000000
14.7833251953125         68.7825012207031         -0.3139990000000
14.8266601562500         68.7760009765625         -0.3148340000000
14.8666890462240         68.7699966430664         -0.3144760000000
14.9066670735677         68.7639999389648         -0.3154300000000
14.9466451009115         68.7580032348633         -0.3157570000000
14.9899800618490         68.7515029907227         -0.3150720000000
15.0300089518229         68.7454986572266         -0.3132840000000
15.0699869791667         68.7395019531250         -0.3125390000000
15.1133219401042         68.7330017089844         -0.3146250000000
15.1533508300781         68.7269973754883         -0.3169500000000
15.1933288574219         68.7210006713867         -0.3188870000000
15.2333577473958         68.7149963378906         -0.3178730000000
15.2766418457031         68.7085037231445         -0.3143870000000
15.3166707356771         68.7024993896484         -0.3124790000000
15.3566487630208         68.6965026855469         -0.3129560000000
15.3966776529948         68.6904983520508         -0.3127770000000
15.4400126139323         68.6839981079102         -0.3112280000000
15.4799906412760         68.6780014038086         -0.3076210000000
15.5200195312500         68.6719970703125         -0.3062210000000
15.5633544921875         68.6654968261719         -0.3056540000000
15.6033325195312         68.6595001220703         -0.3057740000000
15.6433105468750         68.6535034179687         -0.3079490000000
15.6833394368490         68.6474990844727         -0.3073230000000
15.7233174641927         68.6415023803711         -0.3077410000000
15.7666524251302         68.6350021362305         -0.3080680000000
15.8066813151042         68.6289978027344         -0.3109590000000
15.8466593424479         68.6230010986328         -0.3120620000000
15.8866882324219         68.6169967651367         -0.3102740000000
15.9300231933594         68.6104965209961         -0.3089920000000
15.9700012207031         68.6044998168945         -0.3090220000000
16.0099792480469         68.5985031127930         -0.3089330000000
16.0500081380208         68.5924987792969         -0.3080090000000
16.0933430989583         68.5859985351562         -0.3081580000000
16.1333211263021         68.5800018310547         -0.3075320000000
16.1733500162760         68.5739974975586         -0.3070250000000
16.2133280436198         68.5680007934570         -0.3075620000000
16.2566630045573         68.5615005493164         -0.3073530000000
16.2966918945312         68.5554962158203         -0.3056540000000
16.3366699218750         68.5494995117187         -0.3056840000000
16.3800048828125         68.5429992675781         -0.3075020000000
16.4199829101562         68.5370025634766         -0.3066380000000
16.4600118001302         68.5309982299805         -0.3060120000000
16.4999898274740         68.5250015258789         -0.3051480000000
16.5433247884115         68.5185012817383         -0.3038070000000
16.5866597493490         68.5120010375977         -0.3038070000000
16.6233317057292         68.5065002441406         -0.3031510000000
16.6633097330729         68.5005035400391         -0.3036880000000
16.7033386230469         68.4944992065430         -0.3042240000000
16.7466735839844         68.4879989624023         -0.3036280000000
16.7900085449219         68.4814987182617         -0.3035090000000
16.8299865722656         68.4755020141602         -0.3030320000000
16.8700154622396         68.4694976806641         -0.3022270000000
16.9099934895833         68.4635009765625         -0.3016010000000
16.9500223795573         68.4574966430664         -0.2998730000000
16.9900004069010         68.4514999389648         -0.2996940000000
17.0333353678385         68.4449996948242         -0.3011540000000
17.0733133951823         68.4390029907227         -0.3018700000000
17.1133422851562         68.4329986572266         -0.3009160000000
17.1533203125000         68.4270019531250         -0.2986510000000
17.1933492024740         68.4209976196289         -0.2982340000000
17.2366841634115         68.4144973754883         -0.2992170000000
17.2800191243490         68.4079971313477         -0.2987110000000
17.3166910807292         68.4024963378906         -0.2991870000000
17.3599751790365         68.3960037231445         -0.2983830000000
17.4000040690104         68.3899993896484         -0.2992170000000
17.4399820963542         68.3840026855469         -0.2993960000000
17.4800109863281         68.3779983520508         -0.2973990000000
17.5199890136719         68.3720016479492         -0.2968030000000
17.5633239746094         68.3655014038086         -0.2973400000000
17.6066589355469         68.3590011596680         -0.2963260000000
17.6466878255208         68.3529968261719         -0.2951940000000
17.6866658528646         68.3470001220703         -0.2946570000000
17.7266438802083         68.3410034179687         -0.2960280000000
17.7699788411458         68.3345031738281         -0.2969520000000
17.8100077311198         68.3284988403320         -0.2971010000000
17.8499857584635         68.3225021362305         -0.2970420000000
17.8900146484375         68.3164978027344         -0.2972500000000
17.9366556803385         68.3095016479492         -0.2987700000000
17.9700215657552         68.3044967651367         -0.2978460000000
18.0133565266927         68.2979965209961         -0.2981440000000
18.0533345540365         68.2919998168945         -0.2986210000000
18.0966695149740         68.2854995727539         -0.2990090000000
18.1366475423177         68.2795028686523         -0.2995450000000
18.1766764322917         68.2734985351562         -0.2992770000000
18.2166544596354         68.2675018310547         -0.2981740000000
18.2599894205729         68.2610015869141         -0.2970420000000
18.3000183105469         68.2549972534180         -0.2973100000000
18.3399963378906         68.2490005493164         -0.2973990000000
18.3833312988281         68.2425003051758         -0.2971910000000
18.4233093261719         68.2365036010742         -0.2968630000000
18.4633382161458         68.2304992675781         -0.2959090000000
18.5033162434896         68.2245025634766         -0.2941810000000
18.5433451334635         68.2184982299805         -0.2942700000000
18.5866800944010         68.2119979858398         -0.2945680000000
18.6266581217448         68.2060012817383         -0.2942100000000
18.6666870117187         68.1999969482422         -0.2939420000000
18.7100219726562         68.1934967041016         -0.2943890000000
18.7500000000000         68.1875000000000         -0.2950450000000
18.7899780273437         68.1815032958984         -0.2953430000000
18.8333129882812         68.1750030517578         -0.2932570000000
18.8699849446615         68.1695022583008         -0.2930180000000
18.9133199055990         68.1630020141602         -0.2934360000000
18.9533487955729         68.1569976806641         -0.2921240000000
18.9966837565104         68.1504974365234         -0.2896800000000
19.0366617838542         68.1445007324219         -0.2900380000000
19.0766906738281         68.1384963989258         -0.2900980000000
19.1166687011719         68.1324996948242         -0.2905750000000
19.1566467285156         68.1265029907227         -0.2897400000000
19.1999816894531         68.1200027465820         -0.2887570000000
19.2400105794271         68.1139984130859         -0.2903060000000
19.2799886067708         68.1080017089844         -0.2918260000000
19.3200174967448         68.1019973754883         -0.2912000000000
19.3633524576823         68.0954971313477         -0.2895910000000
19.4033304850260         68.0895004272461         -0.2904850000000
19.4433085123698         68.0835037231445         -0.2922140000000
19.4833374023437         68.0774993896484         -0.2925120000000
19.5266723632812         68.0709991455078         -0.2921240000000
19.5666503906250         68.0650024414062         -0.2910810000000
19.6066792805990         68.0589981079102         -0.2922730000000
19.6500142415365         68.0524978637695         -0.2912900000000
19.6899922688802         68.0465011596680         -0.2897100000000
19.7300211588542         68.0404968261719         -0.2900080000000
19.7733561197917         68.0339965820312         -0.2883690000000
19.8133341471354         68.0279998779297         -0.2866700000000
19.8533121744792         68.0220031738281         -0.2846440000000
19.8933410644531         68.0159988403320         -0.2819620000000
19.9333190917969         68.0100021362305         -0.2824380000000
19.9766540527344         68.0035018920898         -0.2828860000000
20.0033569335937         67.9994964599609         -0.2836010000000
